distance	triplet	singlet
4e0	1.218657455444336e2	2.9633518218994144e1
4.080402010050252e0	9.59015594518645e1	2.3263010745314475e1
4.160804020100502e0	7.581549605825231e1	1.8340960827893042e1
4.241206030150754e0	6.0200229984134964e1	1.4519803501134232e1
4.321608040201005e0	4.8003169871148565e1	1.153969154694136e1
4.402010050251256e0	3.84326968111877e1	9.205293301586197e0
4.482412060301508e0	3.0890297876657748e1	7.369001353067984e0
4.562814070351759e0	2.4921145503253722e1	5.91870737339352e0
4.64321608040201e0	2.0177899306935032e1	4.7688496471364505e0
4.723618090452261e0	1.6394043668071113e1	3.853820474146759e0
4.8040201005025125e0	1.3364142618168842e1	3.1230851755892473e0
4.884422110552764e0	1.0929140935105488e1	2.537549513560361e0
4.964824120603015e0	8.965366552270336e0	2.0668426342106803e0
5.045226130653266e0	7.376262123449204e0	1.6872749351484977e0
5.125628140703517e0	6.086139168127545e0	1.3802960111827973e0
5.206030150753769e0	5.0354385308666165e0	1.131324944717459e0
5.28643216080402e0	4.177118007596484e0	9.288591482392508e-1
5.366834170854271e0	3.47388731229335e0	7.637925483314558e-1
5.447236180904523e0	2.896082869313224e0	6.288917956607168e-1
5.527638190954773e0	2.420027826592558e0	5.183922772323576e-1
5.608040201005025e0	2.026761585559252e0	4.2768533122606683e-1
5.688442211055277e0	1.70105187808941e0	3.53075172506446e-1
5.768844221105528e0	1.4306237422971089e0	2.9158931008646827e-1
5.849246231155779e0	1.2055556394659632e0	2.4083016711122396e-1
5.92964824120603e0	1.0178048479900226e0	1.9885855429483792e-1
6.010050251256281e0	8.608332090995553e-1	1.6410185717793102e-1
6.090452261306533e0	7.29311044504246e-1	1.3528146444365988e-1
6.170854271356784e0	6.188821761261557e-1	1.113552269806587e-1
6.251256281407035e0	5.2597686402984e-1	9.147169715943203e-2
6.331658291457286e0	4.4766244467399374e-1	7.493363015144268e-2
6.4120603015075375e0	3.815237236457286e-1	6.116878995702959e-2
6.492462311557789e0	3.255669235808874e-1	4.970653379105711e-2
6.572864321608041e0	2.781423351518938e-1	4.015898079469533e-2
6.653266331658291e0	2.3788186159727248e-1	3.2205828131844645e-2
6.733668341708542e0	2.0364845675620827e-1	2.5582077060047552e-2
6.814070351758794e0	1.7449508706232714e-1	2.006808691058027e-2
6.894472361809045e0	1.4963134053839947e-1	1.5481496225545056e-2
6.974874371859297e0	1.283961918378871e-1	1.1670645318756605e-2
7.055276381909548e0	1.1023573574940923e-1	8.509209167273348e-3
7.135678391959799e0	9.468494068875102e-2	5.891808338258971e-3
7.21608040201005e0	8.135266268887072e-2	3.730412101843293e-3
7.296482412060302e0	6.990931017586036e-2	1.9513846683878525e-3
7.376884422110553e0	6.0076668838729586e-2	4.930547030148509e-4
7.457286432160804e0	5.161949072558722e-2	-6.962884700140864e-4
7.5376884422110555e0	4.433852743902749e-2	-1.6600499953858504e-3
7.618090452261306e0	3.8064747950600566e-2	-2.4346991153967757e-3
7.698492462311558e0	3.265453023385657e-2	-3.0509045538657607e-3
7.778894472361809e0	2.7985655081979532e-2	-3.534477332870668e-3
7.85929648241206e0	2.3953962061754e-2	-3.9071549834058614e-3
7.939698492462312e0	2.0470553085732666e-2	-4.1872548799206325e-3
8.020100502512562e0	1.7459449765861e-2	-4.3902193860638665e-3
8.100502512562814e0	1.4855627501812999e-2	-4.529071409485406e-3
8.180904522613066e0	1.2603362917142188e-2	-4.614795640191163e-3
8.261306532663315e0	1.0654842392776838e-2	-4.656658040725626e-3
8.341708542713569e0	8.968988545093986e-3	-4.662473948404321e-3
8.422110552763819e0	7.510468942878179e-3	-4.638833344752655e-3
8.50251256281407e0	6.2488574653285535e-3	-4.591290368891142e-3
8.582914572864322e0	5.157923722374722e-3	-4.524522938493975e-3
8.663316582914572e0	4.215030090721256e-3	-4.442467344733477e-3
8.743718592964825e0	3.400619327273852e-3	-4.348431866438744e-3
8.824120603015075e0	2.69777853780543e-3	-4.245192771304716e-3
8.904522613065327e0	2.091867609857037e-3	-4.135075512268898e-3
8.984924623115578e0	1.570202151837851e-3	-4.020023463925202e-3
9.065326633165828e0	1.121782585821917e-3	-3.9016561598241885e-3
9.145728643216081e0	7.370623773335907e-4	-3.7813186726668993e-3
9.226130653266331e0	4.0774949860255746e-4	-3.660123514267514e-3
9.306532663316583e0	1.2663615093953372e-4	-3.5389862113600484e-3
9.386934673366834e0	-1.1254745132223149e-4	-3.418655529175725e-3
9.467336683417084e0	-3.152587824669581e-4	-3.299739160916534e-3
9.547738693467338e0	-4.8625119435277264e-4	-3.1827255726177236e-3
9.628140703517587e0	-6.29667136373835e-4	-3.0680025851622605e-3
9.708542713567839e0	-7.491185648815773e-4	-2.9558731848673974e-3
9.78894472361809e0	-8.477563760540944e-4	-2.846568978204008e-3
9.86934673366834e0	-9.283304225394784e-4	-2.7402616424303528e-3
9.949748743718594e0	-9.932414430633262e-4	-2.637072670234743e-3
1.0030150753768844e1	-1.0445860387099273e-3	-2.5370816612349553e-3
1.0110552763819095e1	-1.084195664040456e-3	-2.4403333750049154e-3
1.0190954773869347e1	-1.113670460832665e-3	-2.3468437280507416e-3
1.0271356783919598e1	-1.1344086430365868e-3	-2.25660488988738e-3
1.035175879396985e1	-1.1476320402136458e-3	-2.169589610281636e-3
1.04321608040201e1	-1.154408320478951e-3	-2.085754890164376e-3
1.0512562814070352e1	-1.1556703404650443e-3	-2.0050450921202663e-3
1.0592964824120603e1	-1.1522330071116512e-3	-1.927394572273458e-3
1.0673366834170855e1	-1.1448079825141554e-3	-1.8527299034129144e-3
1.0753768844221106e1	-1.134016517248204e-3	-1.780971749014967e-3
1.0834170854271356e1	-1.1204006583619888e-3	-1.7120364391484313e-3
1.0914572864321608e1	-1.1044330446061618e-3	-1.6458372918580146e-3
1.099497487437186e1	-1.0865254726221871e-3	-1.5822857173202105e-3
1.1075376884422111e1	-1.0670363930291471e-3	-1.5212921366877985e-3
1.1155778894472363e1	-1.0462774740407034e-3	-1.4627667429460806e-3
1.1236180904522612e1	-1.024519351902488e-3	-1.4066201271784736e-3
1.1316582914572864e1	-1.0019966716366907e-3	-1.3527637902819964e-3
1.1396984924623116e1	-9.78912507950251e-4	-1.3011105573003988e-3
1.1477386934673367e1	-9.554422443956542e-4	-1.2515749090828377e-3
1.1557788944723619e1	-9.317369787044592e-4	-1.2040732438687014e-3
1.1638190954773869e1	-9.07926513418013e-4	-1.1585240795929119e-3
1.171859296482412e1	-8.841219833248437e-4	-1.114848206157104e-3
1.1798994974874372e1	-8.604181646155815e-4	-1.0729687955833439e-3
1.1879396984924623e1	-8.368955049431364e-4	-1.0328114768266418e-3
1.1959798994974875e1	-8.136219086078875e-4	-9.943043810436295e-4
1.2040201005025125e1	-7.906543067714169e-4	-9.573781622741369e-4
1.2120603015075377e1	-7.680400388492428e-4	-9.219659977704427e-4
1.2201005025125628e1	-7.458180679669463e-4	-8.880035715888187e-4
1.228140703517588e1	-7.240200505195201e-4	-8.554290445252111e-4
1.2361809045226131e1	-7.026712773943978e-4	-8.241830130192274e-4
1.2442211055276381e1	-6.817915022558685e-4	-7.942084592574123e-4
1.2522613065326633e1	-6.613956704006103e-4	-7.654506943690904e-4
1.2603015075376884e1	-6.414945600447464e-4	-7.378572963180513e-4
1.2683417085427136e1	-6.220953464609359e-4	-7.113780438443599e-4
1.2763819095477388e1	-6.032020981225968e-4	-6.859648475969443e-4
1.284422110552764e1	-5.84816212908046e-4	-6.615716794143446e-4
1.2924623115577889e1	-5.66936801449922e-4	-6.38154500553924e-4
1.300502512562814e1	-5.49561023867213e-4	-6.15671189535301e-4
1.3085427135678392e1	-5.3268438537333e-4	-5.940814701486307e-4
1.3165829145728644e1	-5.163009956007266e-4	-5.733468400799232e-4
1.3246231155778895e1	-5.004037959091393e-4	-5.534305005215779e-4
1.3326633165829145e1	-4.849847584405929e-4	-5.342972870646672e-4
1.3407035175879397e1	-4.700350602412124e-4	-5.159136021085392e-4
1.3487437185929648e1	-4.555452353800687e-4	-4.982473489715432e-4
1.35678391959799e1	-4.4150530765211897e-4	-4.8126786784278815e-4
1.3648241206030152e1	-4.2790490615009653e-4	-4.649458736777867e-4
1.3728643216080402e1	-4.1473336572388935e-4	-4.4925339610959477e-4
1.3809045226130653e1	-4.019798141111661e-4	-4.341637214208467e-4
1.3889447236180905e1	-3.8963324731592866e-4	-4.1965133660018864e-4
1.3969849246231156e1	-3.7768259462892933e-4	-4.0569187548840255e-4
1.4050251256281408e1	-3.6611677452256657e-4	-3.922620670044822e-4
1.4130653266331658e1	-3.5492474251039486e-4	-3.7933968542959597e-4
1.421105527638191e1	-3.4409553193548567e-4	-3.6690350271685704e-4
1.4291457286432161e1	-3.336182885406162e-4	-3.549332427868041e-4
1.4371859296482413e1	-3.234822995748546e-4	-3.434095377621266e-4
1.4452261306532664e1	-3.1367701810409727e-4	-3.3231388609027054e-4
1.4532663316582914e1	-3.0419208311610076e-4	-3.2162861249884344e-4
1.4613065326633166e1	-2.950173359423978e-4	-3.113368297260593e-4
1.4693467336683417e1	-2.8614283345915084e-4	-3.0142240196665227e-4
1.4773869346733669e1	-2.775588584755538e-4	-2.9186990997258274e-4
1.485427135678392e1	-2.6925592767107156e-4	-2.8266461774738375e-4
1.493467336683417e1	-2.612247974008659e-4	-2.737924407729983e-4
1.5015075376884422e1	-2.5345646765160114e-4	-2.652399157083897e-4
1.5095477386934673e1	-2.459421843968938e-4	-2.5699417149997256e-4
1.5175879396984925e1	-2.3867344057247183e-4	-2.490429018449455e-4
1.5256281407035177e1	-2.3164197586524117e-4	-2.41374338949872e-4
1.5336683417085426e1	-2.2483977548750953e-4	-2.339772285282792e-4
1.5417085427135678e1	-2.182590680872812e-4	-2.2684080598260934e-4
1.549748743718593e1	-2.118923229275044e-4	-2.199547737175189e-4
1.5577889447236181e1	-2.057322464511617e-4	-2.1330927953324728e-4
1.5658291457286433e1	-1.9977177833492574e-4	-2.0689489604955593e-4
1.5738693467336683e1	-1.940040871215365e-4	-2.0070260111253782e-4
1.5819095477386934e1	-1.8842256550992133e-4	-1.94723759138407e-4
1.5899497487437186e1	-1.8302082537221469e-4	-1.889501033501845e-4
1.5979899497487438e1	-1.7779269255808992e-4	-1.8337371886498148e-4
1.6060301507537687e1	-1.7273220153907686e-4	-1.7798702659134626e-4
1.614070351758794e1	-1.6783358993868234e-4	-1.7278276789786662e-4
1.622110552763819e1	-1.630912929880695e-4	-1.6775399001591357e-4
1.6301507537688444e1	-1.5849993794167795e-4	-1.6289403214104765e-4
1.6381909547738694e1	-1.540543384824356e-4	-1.5819651219921968e-4
1.6462311557788944e1	-1.4974948914200781e-4	-1.5365531424542964e-4
1.6542713567839197e1	-1.455805597578431e-4	-1.4926457646401503e-4
1.6623115577889447e1	-1.415428899855009e-4	-1.4501867974117363e-4
1.67035175879397e1	-1.376319838818724e-4	-1.4091223678171328e-4
1.678391959798995e1	-1.338435045723776e-4	-1.369400817433612e-4
1.68643216080402e1	-1.301732690129852e-4	-1.3309726036323617e-4
1.6944723618090453e1	-1.2661724285595457e-4	-1.2937902055232159e-4
1.7025125628140703e1	-1.231715354264784e-4	-1.2578080343494854e-4
1.7105527638190956e1	-1.1983239481590205e-4	-1.2229823481141935e-4
1.7185929648241206e1	-1.1659620309588956e-4	-1.1892711702298295e-4
1.7266331658291456e1	-1.1345947165675269e-4	-1.1566342119938933e-4
1.734673366834171e1	-1.1041883667217349e-4	-1.1250327987023753e-4
1.742713567839196e1	-1.074710546916814e-4	-1.0944297992225819e-4
1.7507537688442213e1	-1.0461299836150091e-4	-1.0647895588556195e-4
1.7587939698492463e1	-1.018416522737465e-4	-1.0360778353273491e-4
1.7668341708542712e1	-9.915410894338421e-5	-1.0082617377546215e-4
1.7748743718592966e1	-9.654756491191505e-5	-9.813096684413357e-5
1.7829145728643216e1	-9.401931697633268e-5	-9.551912673661143e-5
1.790954773869347e1	-9.15667585415706e-5	-9.298773592303206e-5
1.798994974874372e1	-8.91873760943799e-5	-9.053399029417915e-5
1.807035175879397e1	-8.687874579633759e-5	-8.815519434158343e-5
1.8150753768844222e1	-8.463853019350543e-5	-8.584875655810758e-5
1.8231155778894472e1	-8.246447504010246e-5	-8.361218504833455e-5
1.8311557788944725e1	-8.035440623343664e-5	-8.144308333861536e-5
1.8391959798994975e1	-7.83062268572553e-5	-7.933914637714513e-5
1.8472361809045225e1	-7.631791433060347e-5	-7.729815671491453e-5
1.855276381909548e1	-7.438751765924237e-5	-7.531798085884838e-5
1.8633165829145728e1	-7.25131547866531e-5	-7.339656578887548e-5
1.871356783919598e1	-7.069301004164309e-5	-7.153193563108748e-5
1.879396984924623e1	-6.89253316795824e-5	-6.972218847953995e-5
1.887437185929648e1	-6.720842951431143e-5	-6.796549335961654e-5
1.8954773869346734e1	-6.554067263779431e-5	-6.626008732623495e-5
1.9035175879396984e1	-6.39204872246277e-5	-6.46042726905059e-5
1.9115577889447238e1	-6.234635441855886e-5	-6.299641436877381e-5
1.9195979899497488e1	-6.0816808298221014e-5	-6.143493734827305e-5
1.9276381909547737e1	-5.9330433919345526e-5	-5.9918324263915e-5
1.935678391959799e1	-5.7885865430774074e-5	-5.844511308099703e-5
1.943718592964824e1	-5.64817842616552e-5	-5.701389487887981e-5
1.9517587939698494e1	-5.511691737727427e-5	-5.562331173092316e-5
1.9597989949748744e1	-5.379003560103674e-5	-5.427205467620581e-5
1.9678391959798994e1	-5.249995200018856e-5	-5.295886177876998e-5
1.9758793969849247e1	-5.124552033293133e-5	-5.168251627034461e-5
1.98391959798995e1	-5.0025633554656806e-5	-5.0441844772696505e-5
1.991959798994975e1	-4.883922238109633e-5	-4.923571559594762e-5
2e1	-4.768525390625e-5	-4.8063037109375e-5