mag_field	scattering_re	scattering_im
0e0	-5.056706118502833e1	-3.8195636208437627e-13
1.001001001001001e0	-5.052503937682273e1	-1.3979156306636827e-13
2.002002002002002e0	-5.04798533305215e1	-7.572504237520709e-14
3.0030030030030033e0	-5.043468836319983e1	1.2935433731257375e-13
4.004004004004004e0	-5.038972377412211e1	-3.3254606777882224e-13
5.005005005005005e0	-5.034491534968281e1	1.4545417995931898e-14
6.0060060060060065e0	-5.0300364610429924e1	2.2983976925281068e-14
7.007007007007008e0	-5.0256176660020614e1	4.4679954815035646e-13
8.008008008008009e0	-5.021235189267747e1	-1.9142203860559244e-13
9.00900900900901e0	-5.016893989613168e1	1.269114567442617e-13
1.001001001001001e1	-5.0126030806560145e1	-8.094351339159969e-14
1.1011011011011012e1	-5.008366177918958e1	3.84176279933252e-14
1.2012012012012013e1	-5.004182198361705e1	9.682128876826524e-14
1.3013013013013014e1	-5.000056840245312e1	-3.2310768706482134e-14
1.4014014014014016e1	-4.9959970893452784e1	2.7303150227365046e-13
1.5015015015015017e1	-4.992002022304558e1	1.6033242189213206e-13
1.6016016016016017e1	-4.988076829087945e1	-1.1525278910142723e-13
1.7017017017017018e1	-4.984215119712549e1	7.605794623652864e-14
1.801801801801802e1	-4.980427292552666e1	3.0945031195460135e-13
1.901901901901902e1	-4.9767053432627776e1	-3.8300993560092884e-13
2.002002002002002e1	-4.973053543412017e1	4.258687900691493e-13
2.1021021021021024e1	-4.969469406586143e1	1.0553727712485086e-13
2.2022022022022025e1	-4.965947701707384e1	-2.9090755054945003e-14
2.3023023023023026e1	-4.962497648049921e1	-1.226363911873574e-13
2.4024024024024026e1	-4.959107385323404e1	5.412877550192668e-14
2.5025025025025027e1	-4.955771985019021e1	-2.659804396115064e-13
2.6026026026026027e1	-4.952495830800577e1	2.543219021756453e-13
2.7027027027027028e1	-4.9492664693639185e1	1.2657800953988742e-14
2.8028028028028032e1	-4.946080067140594e1	-5.324048053183118e-14
2.9029029029029033e1	-4.9429341136425656e1	4.592893011728112e-13
3.0030030030030034e1	-4.939813416298959e1	3.414273961831881e-14
3.1031031031031034e1	-4.9367114866497865e1	2.7103225055215795e-13
3.2032032032032035e1	-4.933617133793276e1	1.3240717686022572e-13
3.3033033033033036e1	-4.9305145549750236e1	4.646741856011493e-14
3.4034034034034036e1	-4.927386910562283e1	8.993692789340341e-15
3.503503503503504e1	-4.924203479391329e1	-3.8361981026823357e-13
3.603603603603604e1	-4.920938558270009e1	-4.557913504185223e-14
3.703703703703704e1	-4.9175426827008955e1	1.0886805322375209e-13
3.803803803803804e1	-4.913969972117991e1	-2.4232992583962876e-13
3.903903903903904e1	-4.910122956117658e1	8.965928297765811e-14
4.004004004004004e1	-4.905885215668669e1	2.0246894725054037e-13
4.104104104104105e1	-4.901063208559688e1	-1.0475975599931035e-13
4.204204204204205e1	-4.895334318520788e1	2.5382167213930857e-13
4.304304304304305e1	-4.888128234535943e1	-2.1795791768671503e-13
4.404404404404405e1	-4.8783173749420456e1	-7.139423666199621e-14
4.504504504504505e1	-4.863272154202527e1	-2.3022684549637327e-13
4.604604604604605e1	-4.835279028042811e1	6.228942271432203e-14
4.704704704704705e1	-4.75715575614802e1	1.9597236485697254e-13
4.804804804804805e1	-1.5700143687614606e1	1.6932458326450725e-13
4.904904904904905e1	-5.083703448863749e1	-2.0996519862484605e-13
5.0050050050050054e1	-4.993529766638399e1	-5.361809648551249e-13
5.1051051051051054e1	-4.963486000402752e1	-4.142101181921098e-13
5.2052052052052055e1	-4.947937151344686e1	1.5222670334250941e-13
5.3053053053053056e1	-4.938117535403579e1	-2.1357253720377558e-13
5.4054054054054056e1	-4.93115582647293e1	1.778197675847368e-13
5.505505505505506e1	-4.925832935278221e1	3.311011139635072e-13
5.6056056056056065e1	-4.9215313473353156e1	-1.5905508524660486e-13
5.7057057057057065e1	-4.917926534661815e1	-1.3174089457404565e-13
5.8058058058058066e1	-4.9148106018390365e1	7.63908337090714e-14
5.905905905905907e1	-4.912050654384959e1	1.6405151799410249e-13
6.006006006006007e1	-4.909568635134919e1	-2.371668411266991e-13
6.106106106106107e1	-4.907294334790707e1	-3.4192660162040254e-13
6.206206206206207e1	-4.905193748768366e1	3.536405699154553e-14
6.306306306306307e1	-4.903222748730066e1	2.1318362353453946e-14
6.406406406406407e1	-4.901368672165715e1	6.650884430995155e-14
6.506506506506507e1	-4.899599605682111e1	-3.037866197432964e-13
6.606606606606607e1	-4.897899246800391e1	4.257009580905695e-13
6.706706706706707e1	-4.896262610974266e1	1.4462062124110455e-13
6.806806806806807e1	-4.894659629349567e1	-7.294874633609313e-14
6.906906906906907e1	-4.893083877503293e1	2.3078228275255314e-13
7.007007007007007e1	-4.891512256748198e1	-6.739708293777248e-14
7.107107107107107e1	-4.889928714004579e1	-1.9297549057910225e-13
7.207207207207207e1	-4.888299984120275e1	-1.5222634089942414e-13
7.307307307307308e1	-4.886581069683276e1	2.785264406299136e-13
7.407407407407408e1	-4.88468811645598e1	-1.644954717220337e-13
7.507507507507508e1	-4.8824714858592905e1	-2.498243529197637e-14
7.607607607607608e1	-4.879590686232593e1	-7.028390993226865e-14
7.707707707707708e1	-4.87508872812492e1	-4.3003086042011825e-13
7.807807807807808e1	-4.864747364588087e1	2.980124858017012e-13
7.907907907907908e1	-4.7476704280428834e1	-1.58998483729372e-13
8.008008008008008e1	-4.911751741312335e1	1.7454415107527379e-13
8.10810810810811e1	-4.895023448870307e1	-3.6124619426924034e-13
8.20820820820821e1	-4.8894717794651875e1	-9.154677163243024e-14
8.30830830830831e1	-4.8863395497458136e1	3.2088555140749825e-14
8.40840840840841e1	-4.88413721612544e1	1.6871472414623692e-13
8.50850850850851e1	-4.882388009506309e1	-5.09475128700726e-13
8.60860860860861e1	-4.8809032780058274e1	-6.478777816414332e-14
8.70870870870871e1	-4.879589728353889e1	2.589290331050106e-13
8.80880880880881e1	-4.878383486572128e1	4.218699889712781e-13
8.90890890890891e1	-4.8772579220108405e1	2.4266267135202074e-13
9.00900900900901e1	-4.8761949568946996e1	-1.3174067602091419e-13
9.10910910910911e1	-4.875184829384862e1	3.1688822109819315e-13
9.20920920920921e1	-4.874208293714104e1	-4.0027399892001606e-14
9.30930930930931e1	-4.873262366687548e1	-8.260855590810599e-14
9.40940940940941e1	-4.872348233147849e1	5.1963444579362223e-14
9.50950950950951e1	-4.871451543834531e1	7.450314118925082e-14
9.60960960960961e1	-4.87057382728139e1	2.4682634443325036e-13
9.70970970970971e1	-4.869716852334815e1	9.249048040774604e-14
9.80980980980981e1	-4.868869173659092e1	-1.5461343295683625e-13
9.90990990990991e1	-4.868040314519615e1	2.819127421294683e-13
1.0010010010010011e2	-4.86721765932464e1	1.1713979254771822e-13
1.0110110110110111e2	-4.866405394481667e1	-3.302120681117755e-13
1.0210210210210211e2	-4.865604680079821e1	-1.0054035582317308e-13
1.0310310310310311e2	-4.8648061538593396e1	2.313371891232069e-13
1.0410410410410411e2	-4.864021189668115e1	-3.423701466520028e-13
1.0510510510510511e2	-4.863235663089082e1	-1.8620227602801092e-13
1.0610610610610611e2	-4.862462161020314e1	-1.669380521520708e-13
1.0710710710710711e2	-4.861687025038348e1	-1.455642033100942e-13
1.0810810810810811e2	-4.8609224646414766e1	-5.296271768386148e-13
1.0910910910910911e2	-4.8601540569457086e1	-8.166473307254698e-14
1.1011011011011011e2	-4.859395156042328e1	3.7223794619760165e-13
1.1111111111111111e2	-4.8586320411497105e1	3.9183524909565497e-13
1.1211211211211213e2	-4.857877342051652e1	1.973610469078757e-13
1.1311311311311313e2	-4.8571179147757995e1	-8.210885503115476e-14
1.1411411411411413e2	-4.856365149163106e1	3.3581910030023956e-13
1.1511511511511513e2	-4.855606110367552e1	1.3751428112972942e-13
1.1611611611611613e2	-4.8548552633113054e1	-2.653131732203231e-13
1.1711711711711713e2	-4.854096509942526e1	-2.7097584427018573e-13
1.1811811811811813e2	-4.853337674179867e1	2.745288895435e-13
1.1911911911911913e2	-4.852579998352902e1	5.393423826682544e-13
1.2012012012012013e2	-4.851815357236117e1	-2.564860250005581e-13
1.2112112112112113e2	-4.8510564333709475e1	-3.616896976029387e-13
1.2212212212212214e2	-4.850287360406601e1	-4.413002792313712e-13
1.2312312312312314e2	-4.849519356598918e1	1.9752753126621838e-13
1.2412412412412414e2	-4.848747648781953e1	-3.7723427042478143e-13
1.2512512512512514e2	-4.847966323433436e1	2.725857558252819e-13
1.2612612612612614e2	-4.847188210997175e1	-4.919867401550678e-13
1.2712712712712714e2	-4.846399589525708e1	-3.449791817272505e-13
1.2812812812812814e2	-4.845607290414164e1	4.0599174080180593e-13
1.2912912912912915e2	-4.844810142137994e1	4.885446748309767e-14
1.3013013013013014e2	-4.8440023187639e1	-2.4632643788138144e-13
1.3113113113113116e2	-4.8431943404453314e1	1.2824296899470004e-14
1.3213213213213214e2	-4.8423745475069296e1	-2.130165611141647e-13
1.3313313313313316e2	-4.841542946517298e1	7.078345231758024e-14
1.3413413413413414e2	-4.840712040249991e1	1.0686913040132184e-13
1.3513513513513516e2	-4.8398674168517665e1	-1.3634835093871262e-13
1.3613613613613614e2	-4.8390069024849986e1	3.713493846068829e-13
1.3713713713713716e2	-4.8381454686482016e1	1.6205244685063738e-13
1.3813813813813815e2	-4.837269112563559e1	2.1357168262538106e-13
1.3913913913913916e2	-4.83637663933096e1	-1.8264902812898895e-14
1.4014014014014015e2	-4.835479033513456e1	-4.0121716710729823e-13
1.4114114114114116e2	-4.834566509145513e1	-1.5616768377532544e-13
1.4214214214214215e2	-4.8336320550086825e1	8.599492829670463e-14
1.4314314314314316e2	-4.83269440148913e1	1.6516133135517256e-13
1.4414414414414415e2	-4.831733457450287e1	-6.872931781895311e-14
1.4514514514514516e2	-4.8307538773758985e1	7.206029975858085e-14
1.4614614614614615e2	-4.829762777441002e1	1.1047765096095291e-14
1.4714714714714717e2	-4.8287500032359674e1	-1.8492514610016807e-13
1.4814814814814815e2	-4.827712998823396e1	-1.4489781197911893e-14
1.4914914914914917e2	-4.826659571443607e1	8.993656924027542e-14
1.5015015015015015e2	-4.825583577947116e1	3.641320572706831e-13
1.5115115115115117e2	-4.824480682092912e1	-5.362883856213622e-14
1.5215215215215215e2	-4.823350982846487e1	-7.727881985112711e-14
1.5315315315315317e2	-4.822199870424452e1	1.5855481289418253e-13
1.5415415415415416e2	-4.821014077100784e1	-1.1619580111540863e-13
1.5515515515515517e2	-4.81979438405874e1	1.181943854601287e-13
1.5615615615615616e2	-4.818547487412573e1	-4.3358295228530867e-14
1.5715715715715717e2	-4.817262062062832e1	-2.7380678785725704e-13
1.5815815815815816e2	-4.815937965352209e1	-2.2084414957370771e-13
1.5915915915915917e2	-4.814568231453921e1	7.905531728443368e-14
1.6016016016016016e2	-4.8131621975471184e1	-3.5391686797464165e-13
1.6116116116116117e2	-4.811701710080839e1	2.4915746083819907e-13
1.621621621621622e2	-4.8101871087333706e1	-1.7376622243628404e-14
1.6316316316316318e2	-4.808615595134991e1	-2.5076740529928975e-13
1.641641641641642e2	-4.806986251180777e1	2.5770693410976403e-13
1.6516516516516518e2	-4.805283049732802e1	-2.320028449114048e-13
1.661661661661662e2	-4.8035000510829526e1	5.032557173697898e-13
1.6716716716716718e2	-4.8016362880231775e1	2.237863926433664e-13
1.681681681681682e2	-4.799678792652401e1	-1.898103741202194e-13
1.6916916916916918e2	-4.797610298229688e1	-4.1237535693348136e-13
1.701701701701702e2	-4.7954134330634524e1	2.474918125971286e-13
1.7117117117117118e2	-4.79307759285842e1	9.082471256155669e-14
1.721721721721722e2	-4.7905739716120664e1	1.088119922270414e-14
1.7317317317317318e2	-4.7878635249383024e1	-3.4614423471524265e-13
1.741741741741742e2	-4.784896415805913e1	2.3205817711538784e-14
1.7517517517517518e2	-4.781613438209608e1	5.036994192737408e-13
1.761761761761762e2	-4.7779079803881594e1	-4.407993843279415e-14
1.7717717717717719e2	-4.7736045778000005e1	-9.493284904910829e-14
1.781781781781782e2	-4.768411223480488e1	-2.49656687896835e-13
1.791791791791792e2	-4.761759434590803e1	-2.0763081442964144e-14
1.801801801801802e2	-4.7523598308300556e1	-5.141359022616968e-13
1.811811811811812e2	-4.7364872460322594e1	2.5093325316577523e-13
1.821821821821822e2	-4.697221694353961e1	1.3018530839890587e-13
1.831831831831832e2	-4.053462941212862e1	2.3749254370748924e-13
1.841841841841842e2	-4.865097569228405e1	4.247011080315702e-14
1.851851851851852e2	-4.809461286299728e1	-1.9341901016237018e-13
1.861861861861862e2	-4.789666016443379e1	4.591199714024821e-13
1.871871871871872e2	-4.77776702966066e1	2.0835265495447323e-13
1.881881881881882e2	-4.768704604478731e1	-3.7878754744688224e-13
1.891891891891892e2	-4.760825371607568e1	1.2979701246166874e-13
1.901901901901902e2	-4.753400963705884e1	1.3484895332673617e-13
1.911911911911912e2	-4.746043068882935e1	-2.139040221356229e-13
1.921921921921922e2	-4.738501120038954e1	-7.727856536727587e-14
1.9319319319319322e2	-4.730584360966965e1	-2.5831685003292784e-13
1.941941941941942e2	-4.722112765214802e1	-3.354842504565686e-13
1.9519519519519523e2	-4.712918030505305e1	2.39496698139215e-13
1.961961961961962e2	-4.702800602065485e1	1.9458405247952506e-13
1.9719719719719723e2	-4.691546897066046e1	1.639390757198512e-13
1.981981981981982e2	-4.678878027788074e1	-1.2058093494486636e-13
1.9919919919919923e2	-4.664434989594387e1	-2.8812831933092195e-14
2.0020020020020021e2	-4.64776185665539e1	-5.2518153817873914e-14
2.0120120120120123e2	-4.6282375188668446e1	2.72694484057773e-13
2.0220220220220222e2	-4.605005497326412e1	-1.4323109859809003e-13
2.0320320320320323e2	-4.576822468967377e1	-4.507888755988113e-14
2.0420420420420422e2	-4.541847257727457e1	-3.7362133072569466e-13
2.0520520520520523e2	-4.497202104025562e1	-3.2254626684973984e-14
2.0620620620620622e2	-4.438133175706939e1	-5.16294983730424e-13
2.0720720720720723e2	-4.356175601098015e1	-1.761504506213998e-13
2.0820820820820822e2	-4.2346199432525374e1	-1.0714432042202635e-13
2.0920920920920923e2	-4.035315902057787e1	-1.1125170033284265e-13
2.1021021021021022e2	-3.6479681336634044e1	-3.464638095705729e-13
2.1121121121121124e2	-2.5666004322920003e1	1.619303580668302e-13
2.1221221221221222e2	1.7316263661513696e2	1.8674449388320398e-14
2.1321321321321324e2	-7.732215607892113e1	5.930029772035109e-14
2.1421421421421422e2	-6.2038468660584236e1	3.2623448486686417e-13
2.1521521521521524e2	-5.7347282039974594e1	-1.5167671091077338e-13
2.1621621621621622e2	-5.506912806336121e1	-2.8758316096016794e-14
2.1721721721721724e2	-5.372218654700339e1	1.886489901490728e-13
2.1821821821821823e2	-5.283173582732468e1	2.4005741379039747e-13
2.1921921921921924e2	-5.219887558007099e1	2.7925197356959366e-13
2.2022022022022023e2	-5.172561682346339e1	7.095095622096614e-14
2.2122122122122124e2	-5.1358067949010994e1	5.829294950466719e-14
2.2222222222222223e2	-5.1064230027763806e1	2.150729624048244e-13
2.2322322322322324e2	-5.08237221073119e1	3.345452716591115e-13
2.2422422422422426e2	-5.062310105259463e1	-4.529070812598864e-13
2.2522522522522524e2	-5.045306606018136e1	6.950714270495577e-14
2.2622622622622626e2	-5.0307025437417686e1	-2.9079728118123085e-13
2.2722722722722725e2	-5.0180171781765125e1	-5.5849926214299995e-14
2.2822822822822826e2	-5.0068911214091244e1	1.682159043923808e-13
2.2922922922922925e2	-4.9970363557351014e1	-1.4889599836707894e-13
2.3023023023023026e2	-4.9882506999968285e1	1.210265327595891e-14
2.3123123123123125e2	-4.980353333545246e1	-2.11962914874428e-13
2.3223223223223226e2	-4.973222432936467e1	-1.1214378331504826e-14
2.3323323323323325e2	-4.966744046278878e1	1.1264340439324014e-13
2.3423423423423426e2	-4.960826302653087e1	2.484927342720243e-13
2.3523523523523525e2	-4.9553956653538755e1	1.258563238302917e-13
2.3623623623623627e2	-4.950391040453425e1	2.432740626611648e-13
2.3723723723723725e2	-4.9457611165652885e1	-1.6649447244199236e-13
2.3823823823823827e2	-4.941468331180161e1	-3.586375814224776e-14
2.3923923923923925e2	-4.937470880428721e1	2.4982490057577748e-15
2.4024024024024027e2	-4.933732943652396e1	1.5572416470331774e-13
2.4124124124124126e2	-4.9302336949899455e1	-1.3518299034910409e-13
2.4224224224224227e2	-4.9269412057515055e1	-8.455181403730486e-14
2.4324324324324326e2	-4.9238454692987844e1	3.500322531318536e-13
2.4424424424424427e2	-4.92092490475074e1	3.2777005254806273e-13
2.4524524524524526e2	-4.918160467924135e1	-1.721014652309082e-13
2.4624624624624627e2	-4.9155388426963675e1	2.514346627323199e-13
2.4724724724724726e2	-4.913047919298963e1	2.0141418983141266e-13
2.4824824824824827e2	-4.9106763425438345e1	-2.897965742829168e-14
2.4924924924924926e2	-4.908418324293615e1	-3.2854712112365586e-13
2.5025025025025028e2	-4.90626625807796e1	-2.7935940719168716e-13
2.5125125125125126e2	-4.9042006175367554e1	-2.456053091733785e-13
2.5225225225225228e2	-4.902225903888794e1	-2.681450158377272e-13
2.5325325325325326e2	-4.9003268602320816e1	-1.8564738410137212e-13
2.5425425425425428e2	-4.8985039971041424e1	-5.375668331118166e-13
2.5525525525525526e2	-4.8967548523130304e1	4.635632287903441e-14
2.562562562562563e2	-4.895069839974057e1	-1.447871640384201e-13
2.5725725725725727e2	-4.89344177889784e1	4.702806699513957e-13
2.582582582582583e2	-4.8918733300913104e1	9.854186485215556e-14
2.592592592592593e2	-4.8903504914734675e1	-3.036754750136304e-13
2.602602602602603e2	-4.888881633862596e1	-1.6871475589747764e-13
2.6126126126126127e2	-4.887461545908386e1	1.1547439042169456e-13
2.622622622622623e2	-4.886083938373441e1	-8.921506503190324e-14
2.632632632632633e2	-4.884745285750603e1	-9.509981225022494e-14
2.642642642642643e2	-4.883445824288588e1	-2.6703448532444596e-13
2.6526526526526527e2	-4.8821779614203045e1	-2.3322490986902645e-13
2.662662662662663e2	-4.880948861977614e1	1.624968526390716e-13
2.672672672672673e2	-4.879753689790989e1	5.0908645990487825e-14
2.682682682682683e2	-4.87858796739219e1	1.0042937442151136e-13
2.692692692692693e2	-4.877449662542562e1	3.0550736458404876e-13
2.702702702702703e2	-4.876339227655942e1	1.9569569558569288e-13
2.712712712712713e2	-4.875250337491387e1	2.760280727718164e-13
2.722722722722723e2	-4.874189869251899e1	1.41289504369124e-13
2.732732732732733e2	-4.873154475890373e1	8.993673387092501e-15
2.742742742742743e2	-4.872139900519724e1	1.1214333032722938e-13
2.752752752752753e2	-4.87114504497155e1	1.0770200607672287e-14
2.762762762762763e2	-4.870171182216188e1	2.1540400385884921e-13
2.772772772772773e2	-4.869211428554766e1	-3.1477851946904285e-13
2.782782782782783e2	-4.8682736279292214e1	5.995781100991307e-14
2.792792792792793e2	-4.8673557810366205e1	-1.1991561767033008e-13
2.802802802802803e2	-4.8664528233468296e1	-1.9675043234347185e-13
2.812812812812813e2	-4.865562797526188e1	-4.87712327138367e-13
2.822822822822823e2	-4.864691254847009e1	4.237018045066843e-13
2.832832832832833e2	-4.863826654604729e1	1.9763867564775954e-14
2.842842842842843e2	-4.8629787747032424e1	5.901401830978789e-14
2.852852852852853e2	-4.862147713044597e1	-1.6754873134135237e-13
2.862862862862863e2	-4.861330250577198e1	1.0659163478996637e-13
2.872872872872873e2	-4.860518280913396e1	4.3130749174528e-13
2.882882882882883e2	-4.859721432364224e1	4.2336862255589895e-13
2.8928928928928934e2	-4.858932219470225e1	1.498944722412011e-15
2.9029029029029033e2	-4.8581519895266524e1	6.523185165349474e-14
2.912912912912913e2	-4.857385514901546e1	4.363594370209842e-14
2.922922922922923e2	-4.85663138155584e1	-3.5114164848611206e-13
2.9329329329329335e2	-4.8558814699039544e1	1.8775668301489601e-13
2.9429429429429433e2	-4.855140231165764e1	2.989006362566415e-13
2.952952952952953e2	-4.854406915967666e1	-2.0374541295527612e-14
2.962962962962963e2	-4.853679959252671e1	-1.0303854921414798e-13
2.9729729729729735e2	-4.852963336483784e1	2.96902018123763e-13
2.9829829829829833e2	-4.8522553966967905e1	3.927234139174407e-13
2.992992992992993e2	-4.8515531330117554e1	7.194932575028866e-14
3.003003003003003e2	-4.850855711797764e1	1.3101883033060068e-14
3.0130130130130135e2	-4.850166904202884e1	8.782702710203796e-14
3.0230230230230234e2	-4.849477895558155e1	3.634662015410134e-13
3.033033033033033e2	-4.848798059724388e1	3.2182885503913643e-13
3.043043043043043e2	-4.848126416832114e1	3.1472274124585955e-13
3.0530530530530535e2	-4.847462200297285e1	2.2745087972768496e-13
3.0630630630630634e2	-4.846796167824663e1	6.961762160177813e-14
3.073073073073073e2	-4.846137458046217e1	-1.0481504479989481e-13
3.083083083083083e2	-4.84548162090384e1	2.477698796992443e-13
3.0930930930930936e2	-4.84483041479891e1	2.0541082935300643e-14
3.1031031031031034e2	-4.844183928114753e1	-2.820235098865683e-14
3.1131131131131133e2	-4.8435437299843336e1	1.1391972986682914e-13
3.123123123123123e2	-4.842905717523647e1	2.5060119284528973e-13
3.1331331331331336e2	-4.8422701510953495e1	4.996479129928495e-14
3.1431431431431434e2	-4.841638980384841e1	8.571737316976597e-14
3.1531531531531533e2	-4.8410055980257745e1	-5.456710103041787e-13
3.163163163163163e2	-4.8403780707240294e1	-2.517670129922451e-13
3.1731731731731736e2	-4.839755581621044e1	-2.0257945048411176e-13
3.1831831831831835e2	-4.839138949777763e1	8.716079187568352e-14
3.1931931931931933e2	-4.838517840882133e1	2.6775572545154895e-13
3.203203203203203e2	-4.837900601734113e1	2.0246840287293888e-13
3.2132132132132136e2	-4.8372847497575314e1	2.007473888346246e-13
3.2232232232232235e2	-4.836669204533919e1	2.7069807640930225e-13
3.2332332332332334e2	-4.836058041636095e1	3.762903030948233e-13
3.243243243243244e2	-4.8354499622696615e1	8.0443292441325e-14
3.2532532532532537e2	-4.834842852008688e1	-3.3048923981369723e-13
3.2632632632632635e2	-4.834233281930076e1	-7.07834319981466e-14
3.2732732732732734e2	-4.833627984449392e1	8.721628943327199e-14
3.283283283283284e2	-4.8330201184434344e1	2.4282879750563595e-13
3.2932932932932937e2	-4.8324126777899785e1	3.2399378794734435e-13
3.3033033033033036e2	-4.8318082271283025e1	9.998505795996722e-14
3.3133133133133134e2	-4.831206650023352e1	1.1380864185510946e-14
3.323323323323324e2	-4.830602782996655e1	-7.639057926107332e-14
3.3333333333333337e2	-4.829998248473754e1	5.120278312664708e-13
3.3433433433433436e2	-4.829395848707943e1	1.1663997051810109e-13
3.3533533533533534e2	-4.8287869073506606e1	4.518480235035731e-13
3.363363363363364e2	-4.828180211970075e1	-4.2636598328765976e-14
3.373373373373374e2	-4.827575395804383e1	2.29393776195066e-13
3.3833833833833836e2	-4.826971515188427e1	8.760488147908015e-14
3.3933933933933935e2	-4.82636432915859e1	-1.0664700463686273e-13
3.403403403403404e2	-4.825755475143579e1	3.54583239132103e-13
3.413413413413414e2	-4.825145267457452e1	-1.8520270196735554e-13
3.4234234234234236e2	-4.824529906253792e1	1.2746564552359062e-13
3.4334334334334335e2	-4.823914657416467e1	-2.217324808183359e-13
3.443443443443444e2	-4.823300487729726e1	1.2946422955207606e-13
3.453453453453454e2	-4.8226865196411644e1	5.139152419197179e-13
3.4634634634634637e2	-4.822065725463508e1	-1.3273969034928008e-13
3.4734734734734735e2	-4.821442219154752e1	-1.9774937912503598e-13
3.483483483483484e2	-4.820816452303348e1	1.1169897278355045e-13
3.493493493493494e2	-4.820183825682264e1	-4.4363144603037703e-13
3.5035035035035037e2	-4.8195501313314274e1	-9.626541213220629e-14
3.5135135135135135e2	-4.8189157802298446e1	3.0373013650691175e-13
3.523523523523524e2	-4.818279447811278e1	-1.596095998388273e-13
3.533533533533534e2	-4.817633458537595e1	4.883220885986056e-13
3.5435435435435437e2	-4.816983506307191e1	9.770882834075763e-15
3.553553553553554e2	-4.8163284160319755e1	3.52529002315507e-14
3.563563563563564e2	-4.815664613337662e1	5.862529398151919e-14
3.573573573573574e2	-4.814997581950073e1	3.614116040406001e-14
3.583583583583584e2	-4.81432613015717e1	4.3852383800549664e-13
3.593593593593594e2	-4.813649990940523e1	-9.271234208322063e-14
3.603603603603604e2	-4.812961080880904e1	-2.0596573645044136e-13
3.613613613613614e2	-4.8122653885294376e1	-1.1874951436425575e-13
3.623623623623624e2	-4.811560324257879e1	-2.2522990486691445e-13
3.633633633633634e2	-4.810842262147289e1	-3.499751738859397e-13
3.643643643643644e2	-4.810115603106693e1	-3.94610321287099e-13
3.653653653653654e2	-4.8093804648408316e1	-1.865349805095311e-14
3.663663663663664e2	-4.80863381214347e1	-2.092966833414028e-14
3.673673673673674e2	-4.807870516068688e1	3.102254195390382e-13
3.683683683683684e2	-4.8070914164062714e1	1.5938746464233176e-13
3.693693693693694e2	-4.806297662613833e1	6.029076323222425e-14
3.703703703703704e2	-4.8054798011126984e1	-1.3068549918927318e-13
3.713713713713714e2	-4.80464355152367e1	-1.8348154661617645e-13
3.723723723723724e2	-4.803786645270161e1	6.550929433301357e-15
3.733733733733734e2	-4.80290618875577e1	-4.0482521854136865e-13
3.743743743743744e2	-4.801994835965893e1	-3.9827427518073434e-13
3.753753753753754e2	-4.801048983855146e1	1.518927204805639e-13
3.763763763763764e2	-4.800069074177299e1	-3.4314651660612205e-13
3.773773773773774e2	-4.799041778504702e1	1.755426698085139e-13
3.783783783783784e2	-4.7979671571581946e1	2.0552148527043552e-13
3.7937937937937943e2	-4.7968367237697514e1	1.421773367393536e-13
3.803803803803804e2	-4.7956425779345324e1	8.782683961845807e-14
3.813813813813814e2	-4.794369011365174e1	1.403452841643082e-13
3.823823823823824e2	-4.792997591912725e1	-2.3633300743928714e-13
3.8338338338338343e2	-4.791514908852006e1	3.902797619121113e-14
3.843843843843844e2	-4.7898896065078574e1	4.471839663600851e-13
3.853853853853854e2	-4.788089014033225e1	-1.782628945329872e-13
3.8638638638638645e2	-4.786068059292089e1	-3.725144591662825e-14
3.8738738738738743e2	-4.7837612037072454e1	2.1668014960367558e-13
3.883883883883884e2	-4.7810700179049796e1	2.024679536374005e-13
3.893893893893894e2	-4.7778433677615276e1	-2.664227002630364e-13
3.9039039039039045e2	-4.7738587607341444e1	-2.0874123739233807e-13
3.9139139139139144e2	-4.768730422187076e1	-1.2013722020995835e-13
3.923923923923924e2	-4.76175520913825e1	-3.488641811933683e-13
3.933933933933934e2	-4.751523746245283e1	1.712675960821032e-13
3.9439439439439445e2	-4.734663941325736e1	-3.419242915777487e-13
3.9539539539539544e2	-4.700701616244014e1	1.8370287534059009e-13
3.963963963963964e2	-4.592484865153446e1	-8.788167562060143e-14
3.973973973973974e2	-6.58815937000962e1	1.8155344636207463e-13
3.9839839839839846e2	-4.9616057537686245e1	-4.169304050412217e-14
3.9939939939939944e2	-4.881858179872727e1	1.7704218713223713e-13
4.0040040040040043e2	-4.853095995844686e1	3.535843237315187e-13
4.014014014014014e2	-4.83803199719819e1	-2.4566018298068054e-13
4.0240240240240246e2	-4.82860887327433e1	-9.271239636175403e-14
4.0340340340340344e2	-4.822052445677777e1	-2.200669729289405e-13
4.0440440440440443e2	-4.8171440542533304e1	1.8187166116840371e-13
4.054054054054054e2	-4.81327707566243e1	5.418397877530516e-14
4.0640640640640646e2	-4.8101032776048974e1	-5.496120116598414e-15
4.0740740740740745e2	-4.807414363628994e1	-3.6590832207932254e-13
4.0840840840840843e2	-4.805081034562108e1	-3.8528349629247774e-13
4.094094094094094e2	-4.803014408356652e1	4.713893232480933e-13
4.1041041041041046e2	-4.801151542180612e1	4.463514172314516e-14
4.1141141141141145e2	-4.7994443721919566e1	2.631474598160929e-13
4.1241241241241244e2	-4.79786154569505e1	-4.085447336272831e-13
4.134134134134134e2	-4.7963819645125206e1	2.2267602013233067e-13
4.1441441441441447e2	-4.7949795176875256e1	2.5865059116421927e-13
4.1541541541541545e2	-4.793645933397944e1	1.3873530666843128e-13
4.1641641641641644e2	-4.792369287506592e1	-1.1375295287905479e-13
4.174174174174175e2	-4.791140259794266e1	-4.1909272827049043e-13
4.1841841841841847e2	-4.7899499231559105e1	2.466034988491283e-13
4.1941941941941946e2	-4.7887879265093325e1	-1.6460588497322608e-13
4.2042042042042044e2	-4.7876536325191545e1	1.1886043311680135e-13
4.214214214214215e2	-4.786542523633294e1	-1.078126815249429e-13
4.2242242242242247e2	-4.7854460552862164e1	-7.572424888579356e-14
4.2342342342342346e2	-4.784367209544255e1	-4.2331185744503274e-13
4.2442442442442444e2	-4.7833026684370616e1	1.4622995231749176e-13
4.254254254254255e2	-4.782250172164806e1	1.1097709291537332e-13
4.264264264264265e2	-4.7812041175251096e1	1.087009200119843e-13
4.2742742742742746e2	-4.780162068008258e1	7.367013024680353e-14
4.2842842842842845e2	-4.779126808845684e1	-8.205308826714181e-14
4.294294294294295e2	-4.7780916909417094e1	-8.549509530316705e-14
4.304304304304305e2	-4.777058048998057e1	3.2421515360529793e-14
4.3143143143143146e2	-4.776026347733427e1	-2.2983744558851937e-14
4.3243243243243245e2	-4.774996179690202e1	-1.707125886365005e-13
4.334334334334335e2	-4.773965686324808e1	-1.4944984398597573e-13
4.344344344344345e2	-4.772929044502009e1	1.8448061352657233e-13
4.3543543543543547e2	-4.771888212970952e1	3.8855845982994306e-13
4.3643643643643645e2	-4.770845639629274e1	4.279750029793727e-13
4.374374374374375e2	-4.769793060318212e1	-1.8081651678460972e-13
4.384384384384385e2	-4.76873548694048e1	4.893204524692871e-13
4.3943943943943947e2	-4.767674044940369e1	-4.8354673994533675e-14
4.4044044044044045e2	-4.766605740709009e1	-3.201623345569644e-13
4.414414414414415e2	-4.7655314569050724e1	1.4695156309144392e-13
4.424424424424425e2	-4.764443877174279e1	1.2785396130005464e-13
4.4344344344344347e2	-4.763347913649999e1	-3.6157742711699317e-13
4.4444444444444446e2	-4.762243416808575e1	4.618952963551302e-14
4.454454454454455e2	-4.7611229774167825e1	-3.483090100765209e-13
4.464464464464465e2	-4.759993695505413e1	6.384369526695454e-15
4.474474474474475e2	-4.7588540553643305e1	-2.808012142983856e-13
4.484484484484485e2	-4.757703981164994e1	9.143526678565124e-14
4.494494494494495e2	-4.756540914670569e1	-2.1246068626100186e-13
4.504504504504505e2	-4.755359290589257e1	5.24017853707818e-13
4.514514514514515e2	-4.7541663691707086e1	-2.8274423201971467e-13
4.524524524524525e2	-4.752957858972659e1	1.1408587663590422e-13
4.534534534534535e2	-4.7517295001592444e1	3.4869749741903027e-13
4.544544544544545e2	-4.750487439663987e1	-1.4101124040928436e-14
4.554554554554555e2	-4.749229809999227e1	3.031186359437501e-14
4.564564564564565e2	-4.74795588032575e1	5.279593564611011e-13
4.574574574574575e2	-4.746663417946401e1	-2.879626756649167e-13
4.584584584584585e2	-4.745347973267353e1	-1.42121536984244e-14
4.594594594594595e2	-4.744014357329279e1	1.1613993753916596e-13
4.604604604604605e2	-4.742660360790461e1	-1.1824954782965471e-14
4.614614614614615e2	-4.7412804619426254e1	-6.295538972606366e-14
4.624624624624625e2	-4.739880177942809e1	-4.0687833019446985e-13
4.634634634634635e2	-4.738458844544278e1	-2.0213452302123542e-13
4.644644644644645e2	-4.737014224334692e1	-2.6031549733324803e-13
4.654654654654655e2	-4.73554511021664e1	1.567222451393598e-13
4.664664664664665e2	-4.734045054344784e1	-2.682542843976565e-13
4.674674674674675e2	-4.7325202616404255e1	1.8192658080891097e-13
4.6846846846846853e2	-4.730967586433107e1	-3.8883542752140405e-13
4.694694694694695e2	-4.729381499034476e1	3.086700236092597e-14
4.704704704704705e2	-4.7277670068616814e1	6.60642635487145e-14
4.714714714714715e2	-4.7261228030918275e1	-2.2156509175325426e-13
4.7247247247247253e2	-4.724446833985288e1	-4.795487696147959e-13
4.734734734734735e2	-4.722737264078072e1	-2.460476971052159e-13
4.744744744744745e2	-4.720987383095347e1	3.640750652959951e-13
4.754754754754755e2	-4.7192023235794615e1	-1.8225958487514752e-13
4.7647647647647653e2	-4.717379595132396e1	2.2706111791040124e-13
4.774774774774775e2	-4.715511904846205e1	1.580545125829135e-13
4.784784784784785e2	-4.713604450505792e1	3.7362374149254704e-14
4.794794794794795e2	-4.71165509638884e1	-2.0885176978800512e-13
4.8048048048048054e2	-4.709660835660177e1	1.1713907513237584e-14
4.814814814814815e2	-4.707621432097833e1	-2.2039909574453545e-13
4.824824824824825e2	-4.7055265683001e1	1.0437034429153076e-14
4.8348348348348355e2	-4.703381251352142e1	3.830613386237903e-15
4.8448448448448454e2	-4.701184142700898e1	-3.505288535083559e-13
4.854854854854855e2	-4.69892465713879e1	1.5711063825053427e-13
4.864864864864865e2	-4.6966084788568864e1	4.797703236128904e-13
4.8748748748748756e2	-4.694230756101998e1	1.6366151189900537e-13
4.8848848848848854e2	-4.6917900093686654e1	6.761862379859162e-14
4.8948948948948953e2	-4.689282846485607e1	1.3801303999559926e-13
4.904904904904905e2	-4.6866995260242795e1	3.9288744490350745e-13
4.9149149149149156e2	-4.6840415940960874e1	-8.344069097005208e-14
4.9249249249249254e2	-4.6813072954224765e1	3.18662352883342e-14
4.9349349349349353e2	-4.678485608350886e1	4.948148513576059e-13
4.944944944944945e2	-4.6755778789951854e1	6.301074770403523e-14
4.9549549549549556e2	-4.672579286838017e1	-9.715312417311176e-14
4.9649649649649655e2	-4.6694852448190524e1	1.9547206290394046e-13
4.9749749749749753e2	-4.666291047551189e1	-2.0441012453666274e-13
4.984984984984985e2	-4.6629859733097234e1	-3.0306212118298207e-13
4.9949949949949956e2	-4.6595661278414866e1	-2.30502612992216e-13
5.0050050050050055e2	-4.656027059801689e1	3.6845993200907936e-13
5.0150150150150154e2	-4.6523580661244424e1	-3.7029190987335736e-13
5.025025025025025e2	-4.6485525060529994e1	1.410662080668194e-13
5.0350350350350357e2	-4.644603850817485e1	1.06590743466486e-14
5.0450450450450455e2	-4.6405039235609e1	4.826006196794212e-13
5.0550550550550554e2	-4.636242909886352e1	2.459358566840676e-14
5.065065065065065e2	-4.631807502729102e1	1.0709033597919407e-13
5.0750750750750757e2	-4.627183158772425e1	2.3594289726060308e-14
5.0850850850850856e2	-4.6223623762317935e1	1.1558424074996604e-13
5.0950950950950954e2	-4.617330314334305e1	-3.741775387310352e-14
5.105105105105105e2	-4.612065586782373e1	-6.678568105611197e-14
5.1151151151151157e2	-4.606559404411234e1	-4.108179035662638e-15
5.125125125125126e2	-4.6007903370747435e1	2.0990569709409363e-13
5.135135135135135e2	-4.5947391598059625e1	2.8135462380672704e-13
5.145145145145145e2	-4.588383596885128e1	3.097786955244201e-13
5.155155155155155e2	-4.581691511863902e1	-3.608532292780141e-14
5.165165165165166e2	-4.574640328750192e1	-2.5070965482695223e-13
5.175175175175176e2	-4.5671999277656475e1	-3.973824654089497e-13
5.185185185185186e2	-4.5593294895621334e1	6.034571304327118e-14
5.195195195195196e2	-4.550992201839548e1	-1.2624297070326786e-13
5.205205205205206e2	-4.542146670312299e1	1.4311973272593825e-13
5.215215215215215e2	-4.532740814383941e1	5.234027822564506e-13
5.225225225225225e2	-4.522717205521215e1	3.4231017887024064e-13
5.235235235235235e2	-4.512007988121785e1	-9.937317216025836e-14
5.245245245245246e2	-4.500535478288592e1	-2.3877309167089786e-13
5.255255255255256e2	-4.4882170825809645e1	1.8875334731944136e-15
5.265265265265266e2	-4.4749515792320544e1	2.4149313663945384e-14
5.275275275275276e2	-4.460616173828551e1	9.659720443214559e-15
5.285285285285286e2	-4.44507841946915e1	1.1658276745661825e-13
5.295295295295296e2	-4.428176085814486e1	1.5488843961664004e-13
5.305305305305305e2	-4.40971383705168e1	1.94748489721946e-13
5.315315315315315e2	-4.389459540503306e1	-3.681232329480678e-13
5.325325325325326e2	-4.367127708140102e1	-9.44317783479799e-14
5.335335335335336e2	-4.342378590264568e1	-5.292838254400023e-13
5.345345345345346e2	-4.3147902214011246e1	-1.1852526451045977e-13
5.355355355355356e2	-4.283829222684789e1	2.723579950081409e-13
5.365365365365366e2	-4.248828099801341e1	2.3294185929801715e-13
5.375375375375376e2	-4.208930139465664e1	2.827386235577685e-13
5.385385385385385e2	-4.163012948550363e1	1.7431727718500453e-13
5.395395395395395e2	-4.1095831028877946e1	-9.41533667835118e-14
5.405405405405406e2	-4.046605008744641e1	6.067772130537186e-14
5.415415415415416e2	-3.971237497679996e1	-1.9691065834443973e-13
5.425425425425426e2	-3.879393544213193e1	7.083655615942709e-14
5.435435435435436e2	-3.764957798901894e1	8.682443608863558e-14
5.445445445445446e2	-3.618351981801824e1	-1.062539901086926e-13
5.455455455455456e2	-3.4237129721923594e1	2.9025386438972966e-13
5.465465465465466e2	-3.1526695739835628e1	-1.8374932388883732e-14
5.475475475475477e2	-2.749027367077723e1	-1.7530959330256014e-13
5.485485485485486e2	-2.0835761282833374e1	-3.8397739956467233e-13
5.495495495495496e2	-7.784323077289187e0	-8.690292101046037e-14
5.505505505505506e2	2.945865409968827e1	5.6789908165107124e-14
5.515515515515516e2	1.0161649702587415e3	1.1845208919321772e-13
5.525525525525526e2	-1.3848519077403088e2	-4.2754640220749557e-13
5.535535535535536e2	-9.134612612122015e1	3.3118064202212297e-13
5.545545545545546e2	-7.647149637118461e1	-7.195952978343882e-14
5.555555555555557e2	-6.91788757258885e1	-4.586111838947737e-14
5.565565565565566e2	-6.484646206769195e1	5.1301059057208217e-14
5.575575575575576e2	-6.197446441775305e1	2.9725304106445587e-13
5.585585585585586e2	-5.992978588091589e1	-5.468645562926249e-13
5.595595595595596e2	-5.839905388869422e1	-9.882352834053145e-14
5.605605605605606e2	-5.720939928038919e1	-3.4754597423072455e-14
5.615615615615616e2	-5.625760211660942e1	9.216034957868823e-14
5.625625625625626e2	-5.547825011951256e1	-1.8087792631965542e-13
5.635635635635637e2	-5.482792719730517e1	-5.437425575645172e-13
5.645645645645646e2	-5.4276615625466846e1	-4.814502703006352e-13
5.655655655655656e2	-5.380293346119127e1	-1.6444335071692724e-13
5.665665665665666e2	-5.339121437983325e1	1.6033475562316328e-13
5.675675675675676e2	-5.3029651883755875e1	-2.2173684690534756e-13
5.685685685685686e2	-5.270937353967113e1	-2.782532671743349e-13
5.695695695695696e2	-5.242340020929309e1	-2.4216665409159836e-13
5.705705705705706e2	-5.216621043192732e1	-3.126733394662785e-13
5.715715715715717e2	-5.193342409386471e1	-4.0505370045574637e-13
5.725725725725727e2	-5.172150620997598e1	1.371274325829458e-13
5.735735735735736e2	-5.152754751761524e1	3.930613091258785e-14
5.745745745745746e2	-5.1349124862297266e1	6.784188727475267e-14
5.755755755755756e2	-5.118423830604525e1	9.837622075211477e-14
5.765765765765766e2	-5.1031136263716796e1	-2.9690501941570404e-13
5.775775775775776e2	-5.0888443437072006e1	-2.54822968338629e-13
5.785785785785787e2	-5.075493214757982e1	-2.2206782394801777e-16
5.795795795795797e2	-5.062950975967254e1	2.050795295715598e-13
5.805805805805807e2	-5.0511287412971036e1	-7.43926465234737e-14
5.815815815815816e2	-5.039949417150763e1	3.0267800233589286e-13
5.825825825825826e2	-5.0293416556434885e1	8.571801779200284e-14
5.835835835835836e2	-5.019244067825784e1	-7.894492946981322e-14
5.845845845845846e2	-5.0096014020328184e1	8.98261925077272e-14
5.855855855855856e2	-5.0003595565496106e1	-4.2914475114814375e-13
5.865865865865867e2	-4.991478656907087e1	-4.263687583148334e-14
5.875875875875877e2	-4.982919698953063e1	2.4727158743605175e-13
5.885885885885887e2	-4.974642042591161e1	1.8031833122903875e-13
5.895895895895897e2	-4.966614472490746e1	4.051609467527162e-13
5.905905905905906e2	-4.958807388883057e1	8.283090469077591e-14
5.915915915915916e2	-4.9511918693297e1	-5.481716503937196e-13
5.925925925925926e2	-4.943740762399744e1	3.267155354624093e-13
5.935935935935936e2	-4.936426444825902e1	-2.5215658909165146e-13
5.945945945945947e2	-4.929218391930072e1	-3.6996279715951057e-13
5.955955955955957e2	-4.92209768698041e1	-2.409420892130256e-13
5.965965965965967e2	-4.915042474293347e1	8.83824188872056e-14
5.975975975975977e2	-4.908022340994319e1	1.1541896823926995e-13
5.985985985985986e2	-4.9010174165820224e1	1.9525175473246843e-13
5.995995995995996e2	-4.8940042048868655e1	1.1286514264817476e-13
6.006006006006006e2	-4.886958051440276e1	1.584441844628829e-13
6.016016016016016e2	-4.879853354316193e1	2.725860990178787e-14
6.026026026026027e2	-4.872660626348999e1	-9.28791066835419e-14
6.036036036036037e2	-4.8653450033508825e1	-7.472518914998758e-14
6.046046046046047e2	-4.857880680308147e1	4.580108684132825e-14
6.056056056056057e2	-4.850234630638207e1	4.632292769219838e-13
6.066066066066066e2	-4.84236394145152e1	-5.4073007672296917e-14
6.076076076076076e2	-4.834227206255559e1	-1.149189836869322e-14
6.086086086086086e2	-4.825779635039878e1	-3.7806667618286874e-14
6.096096096096097e2	-4.816967165041454e1	4.162618150173512e-13
6.106106106106107e2	-4.807726005667201e1	-1.4306565884826372e-13
6.116116116116117e2	-4.797984216135982e1	-4.889323938369954e-13
6.126126126126127e2	-4.787653794862636e1	-3.416474102794479e-13
6.136136136136137e2	-4.776640368179268e1	2.354445966041629e-13
6.146146146146147e2	-4.764824650201777e1	-4.2580976882905754e-14
6.156156156156156e2	-4.7520635319614264e1	2.1890053335993086e-13
6.166166166166166e2	-4.738181484030296e1	-4.474606531660113e-14
6.176176176176177e2	-4.722969247331542e1	3.075596241173573e-14
6.186186186186187e2	-4.706157848833252e1	-1.887548825255896e-15
6.196196196196197e2	-4.687411346120304e1	-9.104640767165369e-14
6.206206206206207e2	-4.666294943246922e1	-2.647560793222578e-13
6.216216216216217e2	-4.642236132060085e1	-1.2479998433768385e-13
6.226226226226227e2	-4.614475336844288e1	-3.4170066832479623e-13
6.236236236236236e2	-4.581974049545967e1	-7.644536952881782e-14
6.246246246246246e2	-4.543269572893711e1	-5.573786563523401e-14
6.256256256256257e2	-4.496229980592242e1	-6.556404950667968e-14
6.266266266266267e2	-4.4376554882593986e1	9.459856313263311e-14
6.276276276276277e2	-4.362459183823099e1	-1.3395875570900846e-13
6.286286286286287e2	-4.2620707820020954e1	2.295000207051281e-13
6.296296296296297e2	-4.120824977282848e1	1.415076781042384e-13
6.306306306306307e2	-3.906711910062149e1	-1.7709154329313923e-13
6.316316316316316e2	-3.5425223789486324e1	2.729622350233718e-13
6.326326326326326e2	-2.7825768164191974e1	-1.814716568126274e-13
6.336336336336337e2	-2.0135195801662897e0	-1.5812267294323973e-13
6.346346346346347e2	-2.850411663581819e2	-1.5327052637076658e-13
6.356356356356357e2	-8.302141442794955e1	2.9606827123476254e-13
6.366366366366367e2	-6.743502173824648e1	-4.586067497245457e-14
6.376376376376377e2	-6.1683455539931245e1	-1.2280963139798356e-13
6.386386386386387e2	-5.8686504954413515e1	3.1656883614441725e-13
6.396396396396397e2	-5.6844997170658914e1	-2.5072124153869553e-13
6.406406406406406e2	-5.5596933279122e1	9.926639205074593e-14
6.416416416416417e2	-5.46940266065242e1	3.7974238104843756e-14
6.426426426426427e2	-5.400958297296008e1	-2.6859475023192873e-13
6.436436436436437e2	-5.347217532932762e1	1.9242398135079272e-13
6.446446446446447e2	-5.303843794156553e1	-5.346334292589836e-13
6.456456456456457e2	-5.268059555847993e1	-4.69455175094594e-13
6.466466466466467e2	-5.2379998551513054e1	-3.3732331925760927e-13
6.476476476476477e2	-5.212364457586871e1	-2.353932387210825e-13
6.486486486486488e2	-5.190219972595903e1	5.337425663028366e-13
6.496496496496497e2	-5.170879296903522e1	-1.4545500169625063e-14
6.506506506506507e2	-5.153820084011722e1	-2.579326163260563e-13
6.516516516516517e2	-5.138649745372787e1	-1.87647802556326e-13
6.526526526526527e2	-5.1250602298677144e1	1.1747411994814454e-13
6.536536536536537e2	-5.112802671869971e1	4.655659112050728e-13
6.546546546546547e2	-5.101682969366198e1	2.627065199340578e-13
6.556556556556557e2	-5.0915419809190205e1	-1.5944480319071034e-13
6.566566566566568e2	-5.0822506903797176e1	-3.882856983505302e-13
6.576576576576578e2	-5.0736983390692856e1	-1.0959046301591073e-13
6.586586586586587e2	-5.065796386390741e1	-4.71671869803024e-13
6.596596596596597e2	-5.058464573756688e1	2.553778186689575e-13
6.606606606606607e2	-5.0516415621005876e1	7.727952696812774e-14
6.616616616616617e2	-5.0452729121661456e1	-2.307281826539965e-13
6.626626626626627e2	-5.039311288093048e1	4.230385762282062e-14
6.636636636636637e2	-5.033709509878086e1	-7.50587958096847e-14
6.646646646646648e2	-5.028439456539412e1	4.6967254133137074e-14
6.656656656656658e2	-5.0234699819983724e1	-2.2206735040189868e-14
6.666666666666667e2	-5.018773962104673e1	-4.563483177274955e-14
6.676676676676677e2	-5.014326838530669e1	6.328917128911984e-14
6.686686686686687e2	-5.010108615646076e1	-2.2339963294440832e-13
6.696696696696697e2	-5.006092618193971e1	2.2095685734459823e-14
6.706706706706707e2	-5.00226954256807e1	-1.5911111929739006e-13
6.716716716716717e2	-4.9986247076515326e1	-1.8265021110971892e-13
6.726726726726728e2	-4.995142674589914e1	2.1496094757709905e-13
6.736736736736738e2	-4.99181044038196e1	3.301026915391386e-13
6.746746746746747e2	-4.9886188082726136e1	8.627304344595545e-14
6.756756756756757e2	-4.9855587939416104e1	-5.087555162158835e-13
6.766766766766767e2	-4.9826223826921975e1	-8.77164578920724e-15
6.776776776776777e2	-4.9798016620252575e1	1.4156768488002539e-14
6.786786786786787e2	-4.9770870419485576e1	-6.87852322838119e-14
6.796796796796798e2	-4.974468628423932e1	2.322819866326155e-13
6.806806806806808e2	-4.971944112881653e1	-6.92293517711542e-14
6.816816816816818e2	-4.969509455934146e1	4.607887435863928e-15
6.826826826826828e2	-4.967156351093042e1	4.594562987915935e-13
6.836836836836837e2	-4.9648796297439176e1	1.8692474819351574e-13
6.846846846846847e2	-4.962678482831772e1	2.771948871257443e-13
6.856856856856857e2	-4.960547339513444e1	4.0316224665015556e-13
6.866866866866867e2	-4.958482822701241e1	-1.5189366774363143e-13
6.876876876876878e2	-4.956482594009434e1	2.7808308497259743e-13
6.886886886886888e2	-4.954540685510109e1	-4.9798464310710063e-14
6.896896896896898e2	-4.9526526304175924e1	-1.8636948940822343e-13
6.906906906906908e2	-4.950818914712876e1	7.283787670011658e-14
6.916916916916917e2	-4.949036965261139e1	-2.8646601894790785e-14
6.926926926926927e2	-4.9473004499772664e1	-1.998599992791908e-14
6.936936936936937e2	-4.9456103213818054e1	-1.6094280516407225e-13
6.946946946946947e2	-4.943965644221638e1	-7.494748969533646e-15
6.956956956956958e2	-4.942364175310224e1	9.898619669595859e-14
6.966966966966968e2	-4.940802907575614e1	-3.754036007508077e-13
6.976976976976978e2	-4.939281953860671e1	-3.9916470345225346e-13
6.986986986986988e2	-4.937795993639806e1	1.6044310490376782e-13
6.996996996996997e2	-4.9363433604393805e1	1.2918722608160342e-13
7.007007007007007e2	-4.9349263661041576e1	1.5006147497821077e-13
7.017017017017017e2	-4.933541314489954e1	-9.254623193162797e-14
7.027027027027027e2	-4.9321851984634634e1	1.1991592688486671e-13
7.037037037037038e2	-4.9308584183552014e1	-2.1945723787011307e-13
7.047047047047048e2	-4.929563109365215e1	-1.704915614860929e-13
7.057057057057058e2	-4.928295768800184e1	-1.1369804630997823e-13
7.067067067067068e2	-4.927054982353979e1	3.740154785030565e-13
7.077077077077078e2	-4.925841294141873e1	4.88379694922743e-13
7.087087087087087e2	-4.924650999844909e1	5.0686670483714894e-14
7.097097097097097e2	-4.9234824822340336e1	4.380260804356576e-14
7.107107107107108e2	-4.9223384369935395e1	1.3368399917206895e-13
7.117117117117118e2	-4.921217244984195e1	8.138734800886468e-14
7.127127127127128e2	-4.9201144377271916e1	-2.49547144055196e-13
7.137137137137138e2	-4.919031960155801e1	9.704302312615886e-14
7.147147147147148e2	-4.917971001029778e1	5.940276335619678e-15
7.157157157157158e2	-4.916930242745256e1	1.559461264815071e-13
7.167167167167167e2	-4.91590872112322e1	-2.5271154816825733e-13
7.177177177177177e2	-4.91490626885077e1	-2.67256885813279e-13
7.187187187187188e2	-4.913921268027585e1	1.4523140544408267e-13
7.197197197197198e2	-4.912950633179004e1	-2.5870731007996975e-14
7.207207207207208e2	-4.9119968252907704e1	8.749414274216664e-14
7.217217217217218e2	-4.9110593775298675e1	4.0010803500970014e-13
7.227227227227228e2	-4.910136159187158e1	1.8353782642748652e-13
7.237237237237238e2	-4.9092269711343256e1	-4.296428273608066e-13
7.247247247247248e2	-4.908334083526893e1	-1.7310069622034278e-13
7.257257257257257e2	-4.907454904883847e1	4.752219075467676e-13
7.267267267267268e2	-4.906591114448352e1	2.939047537373257e-13
7.277277277277278e2	-4.9057413611069364e1	-1.2208094665596573e-13
7.287287287287288e2	-4.904905363507543e1	-3.1383518348035843e-13
7.297297297297298e2	-4.904077990763596e1	1.6749349325526605e-13
7.307307307307308e2	-4.903263288074144e1	-2.3833262950834866e-13
7.317317317317318e2	-4.9024618809356554e1	-3.664093418553267e-14
7.327327327327328e2	-4.901671075837033e1	4.3191887726222047e-14
7.337337337337337e2	-4.900890663025663e1	-2.0968606025059884e-13
7.347347347347348e2	-4.900120551756973e1	-1.3918002037180394e-13
7.357357357357358e2	-4.899362339285514e1	-1.1830578957646251e-13
7.367367367367368e2	-4.898616492428683e1	-3.1722161501077847e-13
7.377377377377378e2	-4.897881503284074e1	-2.027464655519573e-13
7.387387387387388e2	-4.8971573665125675e1	1.9675067175000387e-13
7.397397397397398e2	-4.896438073007598e1	7.600216194262329e-14
7.407407407407408e2	-4.895729078475923e1	1.1314273314430136e-13
7.417417417417419e2	-4.895030534825985e1	1.9164313246936915e-13
7.427427427427428e2	-4.894343142617769e1	-1.5555737036718704e-13
7.437437437437438e2	-4.8936582637023015e1	5.033130197638769e-13
7.447447447447448e2	-4.892983304635383e1	-2.420521406725872e-13
7.457457457457458e2	-4.8923181597826634e1	3.0767268994748564e-13
7.467467467467468e2	-4.8916627591406844e1	-3.8367482946416743e-13
7.477477477477478e2	-4.89101582977332e1	-1.4739641818290724e-13
7.487487487487488e2	-4.890376837763594e1	-9.11581591400181e-14
7.497497497497499e2	-4.889743746421616e1	-1.1158824315890922e-14
7.507507507507509e2	-4.889117089405512e1	4.1959399045629606e-13
7.517517517517518e2	-4.888499375508145e1	1.9364167806592548e-13
7.527527527527528e2	-4.887888285749586e1	2.1729171719352746e-13
7.537537537537538e2	-4.8872816401905446e1	1.6671614998137028e-13
7.547547547547548e2	-4.886681580101661e1	6.017992083848069e-14
7.557557557557558e2	-4.886089804436347e1	8.038793665004167e-14
7.567567567567568e2	-4.885504028667402e1	1.2546735677379052e-14
7.577577577577579e2	-4.8849260367436415e1	4.996487544613044e-14
7.587587587587589e2	-4.884355206540095e1	1.7265639902303907e-13
7.597597597597598e2	-4.883791470236439e1	2.598173406324413e-13
7.607607607607608e2	-4.883228924799779e1	1.0126214075671777e-13
7.617617617617618e2	-4.882672722341957e1	-4.858806120407854e-13
7.627627627627628e2	-4.88212352368676e1	4.381363924546849e-13
7.637637637637638e2	-4.881580289889265e1	4.798848067473672e-13
7.647647647647648e2	-4.881038701223549e1	-4.707800872154134e-14
7.657657657657659e2	-4.8805026512194374e1	-3.2960157057053454e-13
7.667667667667669e2	-4.879973359907208e1	2.159037360741417e-13
7.677677677677679e2	-4.879450551790168e1	4.711131566942381e-13
7.687687687687688e2	-4.8789330662152274e1	-5.304603016677063e-13
7.697697697697698e2	-4.878420527738589e1	-1.0492621138696026e-13
7.707707707707708e2	-4.8779103217639e1	3.4903231622357064e-13
7.717717717717718e2	-4.877404407933948e1	3.07117342874422e-13
7.727727727727729e2	-4.876903167942586e1	-7.722346628001793e-14
7.737737737737739e2	-4.8764058000692216e1	1.7154601445519752e-13
7.747747747747749e2	-4.87591087771267e1	-3.9444479250085587e-13
7.757757757757759e2	-4.8754188194684964e1	-4.66838310421595e-13
7.767767767767768e2	-4.874931199055745e1	3.9200205093097286e-13
7.777777777777778e2	-4.8744466351457575e1	8.260855977923303e-14
7.787787787787788e2	-4.8739665954349995e1	-1.7948485799308317e-13
7.797797797797798e2	-4.8734903570536645e1	2.1229510795985247e-13
7.807807807807809e2	-4.8730173403127274e1	1.0981164113160981e-13
7.817817817817819e2	-4.872540690255583e1	-1.908657305827213e-13
7.827827827827829e2	-4.8720666088299e1	-1.9447429950201312e-13
7.837837837837839e2	-4.871594003617263e1	3.2610391490856317e-13
7.847847847847848e2	-4.871121185911562e1	-2.0596620730184587e-14
7.857857857857858e2	-4.8706412358139055e1	-1.0836820189318698e-13
7.867867867867868e2	-4.870157702595569e1	-1.6288539870722908e-13
7.877877877877878e2	-4.869668565541975e1	-1.3546024715754186e-13
7.887887887887889e2	-4.8691671330903944e1	1.8958882576829835e-13
7.897897897897899e2	-4.868645719055111e1	2.751397367919759e-13
7.907907907907909e2	-4.8680906724726995e1	-2.3627818686466995e-13
7.917917917917919e2	-4.8674722060742575e1	3.1483401432427836e-13
7.927927927927929e2	-4.866720484500974e1	-1.3712572602458398e-14
7.937937937937938e2	-4.8656447125995506e1	2.614271321497265e-13
7.947947947947948e2	-4.86330523272619e1	1.0120654446302623e-13
7.957957957957958e2	-4.776638776728506e1	-5.684868354334063e-14
7.967967967967969e2	-4.870782665457124e1	-9.926349696169353e-14
7.977977977977979e2	-4.868164244457466e1	-3.114475169561127e-14
7.987987987987989e2	-4.867051986143031e1	-2.63148157841659e-14
7.997997997997999e2	-4.8663067166194715e1	2.0518893728849213e-13
8.008008008008009e2	-4.865706744076516e1	5.269069690619897e-13
8.018018018018018e2	-4.865181869905708e1	-1.1380879403417456e-14
8.028028028028028e2	-4.864699650428961e1	-2.320589024408242e-13
8.038038038038039e2	-4.864243347903817e1	-2.0835336008809606e-13
8.048048048048049e2	-4.863805802915898e1	3.075613096048783e-14
8.058058058058059e2	-4.8633840601247044e1	-1.0892333563129431e-13
8.068068068068069e2	-4.86297440146358e1	5.551648005567406e-16
8.078078078078079e2	-4.862570179937844e1	-8.316368579688247e-14
8.088088088088089e2	-4.8621738617342444e1	1.4184460206016471e-13
8.098098098098098e2	-4.8617856578344195e1	2.620932900455348e-13
8.108108108108108e2	-4.861404476310859e1	-3.3792879316005504e-13
8.118118118118119e2	-4.861028502030713e1	-1.4145598031827334e-13
8.128128128128129e2	-4.860657673186604e1	-4.910987376712339e-13
8.138138138138139e2	-4.860290092719559e1	-2.1368290909828193e-13
8.148148148148149e2	-4.859925288923535e1	-7.4836206110394e-14
8.158158158158159e2	-4.859563046153334e1	3.85228803248894e-13
8.168168168168169e2	-4.8592059885430686e1	-5.256854714783302e-13
8.178178178178179e2	-4.8588518012352786e1	-4.197600374190261e-13
8.188188188188188e2	-4.85849845604363e1	2.038564787622758e-13
8.198198198198199e2	-4.858148329773538e1	-2.3955356582350554e-13
8.208208208208209e2	-4.857802502106314e1	-2.3483466271483264e-14
8.218218218218219e2	-4.857460862877857e1	3.7334824715901433e-13
8.228228228228229e2	-4.8571216342378065e1	-8.35522831909143e-14
8.238238238238239e2	-4.856785557361141e1	1.3934633091765888e-14
8.248248248248249e2	-4.856451411983477e1	1.9419659726254535e-13
8.258258258258259e2	-4.856118640375163e1	2.4477209436707075e-13
8.268268268268268e2	-4.855787121461342e1	2.45049673490824e-13
8.27827827827828e2	-4.8554595320372684e1	3.1977483033018655e-14
8.288288288288289e2	-4.855134583581718e1	-1.7876301049984023e-13
8.298298298298299e2	-4.854808416545924e1	2.544874626080502e-13
8.308308308308309e2	-4.854484799732121e1	3.136680072859417e-14
8.318318318318319e2	-4.854164962316941e1	2.553757195275596e-14
8.328328328328329e2	-4.853848840565512e1	-3.944999652954885e-13
8.338338338338339e2	-4.853534406776139e1	2.5482054858898493e-14
8.34834834834835e2	-4.853223552191759e1	2.3461255449620424e-13
8.35835835835836e2	-4.852914238689823e1	-6.895144087403074e-14
8.368368368368369e2	-4.852604014704254e1	5.5405424437485216e-14
8.378378378378379e2	-4.852295264591727e1	-1.5261473940594576e-13
8.388388388388389e2	-4.851990409225115e1	-3.8905932372309635e-13
8.398398398398399e2	-4.851688624392496e1	-1.0215027784559376e-14
8.408408408408409e2	-4.851383517330078e1	3.908913574285932e-13
8.418418418418419e2	-4.8510816452475666e1	-2.8402217878593663e-13
8.42842842842843e2	-4.850783073721498e1	-4.617303426876978e-13
8.43843843843844e2	-4.850487568574956e1	-2.311705091454886e-13
8.448448448448449e2	-4.8501931024730624e1	-2.2650712449055614e-13
8.458458458458459e2	-4.84990186864081e1	-7.494720945023458e-14
8.468468468468469e2	-4.8496136641358646e1	2.063546476794364e-13
8.478478478478479e2	-4.849321552829839e1	-1.2130344363593888e-13
8.488488488488489e2	-4.8490330650350174e1	5.496128505016044e-14
8.498498498498499e2	-4.848747325997049e1	1.646062710514164e-13
8.50850850850851e2	-4.8484636724958754e1	-1.3468290357925387e-13
8.51851851851852e2	-4.848177877043647e1	-2.5687460340138826e-13
8.52852852852853e2	-4.847894192170209e1	-2.725302386037388e-13
8.538538538538539e2	-4.847613591354053e1	3.307669879143796e-13
8.548548548548549e2	-4.8473340438067666e1	-2.539322232425658e-13
8.558558558558559e2	-4.847057485429547e1	-3.222729645563229e-13
8.568568568568569e2	-4.8467840687698356e1	-1.8992175708647965e-13
8.578578578578579e2	-4.8465116320678284e1	-6.384391064263244e-15
8.58858858858859e2	-4.846238068830787e1	1.1891622184760974e-13
8.5985985985986e2	-4.845965989791367e1	8.599496996751318e-14
8.60860860860861e2	-4.845696367234756e1	4.900436357989298e-13
8.618618618618619e2	-4.845427472510601e1	-3.204409013158243e-13
8.628628628628629e2	-4.845159993584775e1	-5.856984534503239e-14
8.638638638638639e2	-4.844892457238143e1	-1.9208688413410623e-14
8.648648648648649e2	-4.844625744671598e1	-3.436467630977563e-14
8.65865865865866e2	-4.844361711114892e1	2.2495261221549307e-13
8.66866866866867e2	-4.8441014254425106e1	1.3512701197638603e-13
8.67867867867868e2	-4.843841166583397e1	5.5682987520673417e-14
8.68868868868869e2	-4.84358341127481e1	3.67518817199381e-14
8.6986986986987e2	-4.843327615357757e1	-2.611493200481861e-13
8.708708708708709e2	-4.843069128951899e1	1.0936737994616675e-14
8.718718718718719e2	-4.8428124815297686e1	-8.710528802243284e-14
8.728728728728729e2	-4.842558694242009e1	1.0559226014390474e-13
8.73873873873874e2	-4.842307254736555e1	-3.0245353710733206e-13
8.74874874874875e2	-4.84205207797805e1	2.1484860074615872e-14
8.75875875875876e2	-4.841799431605345e1	-3.4220329763524187e-13
8.76876876876877e2	-4.84154963782817e1	9.754237314116358e-14
8.77877877877878e2	-4.841300306610059e1	1.8653521374090733e-14
8.788788788788789e2	-4.8410539086681105e1	-1.5267018833938283e-14
8.798798798798799e2	-4.840809961062781e1	-1.0270539844373673e-13
8.808808808808809e2	-4.84056665311278e1	2.2678462088183544e-13
8.81881881881882e2	-4.8403219842060416e1	3.8478437998057196e-13
8.82882882882883e2	-4.8400788425364446e1	-1.9819365508692526e-14
8.83883883883884e2	-4.8398368702209915e1	9.21572729177994e-14
8.84884884884885e2	-4.839596404238589e1	-1.989153649064938e-13
8.85885885885886e2	-4.839357190665076e1	-4.983709779471809e-13
8.868868868868869e2	-4.839116652453569e1	2.4926876126082336e-13
8.878878878878879e2	-4.8388770171386895e1	1.609421229605424e-13
8.888888888888889e2	-4.838639947352821e1	6.717487649839151e-14
8.8988988988989e2	-4.838405598733459e1	6.856278653874817e-14
8.90890890890891e2	-4.8381714604093304e1	2.1135103316007892e-13
8.91891891891892e2	-4.837940222362291e1	-2.5448729372374834e-13
8.92892892892893e2	-4.8377114191785644e1	-1.387910620839783e-15
8.93893893893894e2	-4.837477099347524e1	2.750838825191858e-13
8.94894894894895e2	-4.837246104297496e1	-2.0374527541631022e-14
8.958958958958959e2	-4.837017697677944e1	-2.2450841591111232e-13
8.96896896896897e2	-4.836789402348823e1	5.086969823326173e-13
8.97897897897898e2	-4.836560763574885e1	-1.6993576873751094e-13
8.98898898898899e2	-4.836332719833799e1	-1.5572356322803193e-13
8.998998998999e2	-4.836105612315192e1	-4.4873923363501275e-13
9.00900900900901e2	-4.8358798929111614e1	1.9247543105635996e-13
9.01901901901902e2	-4.835657349624684e1	-1.6654926106869262e-14
9.02902902902903e2	-4.835435621200087e1	9.199070772951766e-14
9.039039039039039e2	-4.835215108247039e1	4.674482512843779e-14
9.04904904904905e2	-4.8349964717586026e1	1.1219868262928591e-13
9.05905905905906e2	-4.83477464574441e1	-9.526617403045632e-14
9.06906906906907e2	-4.834554150237852e1	-1.5627871653554747e-13
9.07907907907908e2	-4.834336620106168e1	1.6532789125036824e-13
9.08908908908909e2	-4.8341203365282375e1	-1.4672989014973032e-13
9.0990990990991e2	-4.833901201419155e1	-1.0797943015023176e-13
9.10910910910911e2	-4.833683712287031e1	2.74195578900032e-13
9.11911911911912e2	-4.833467638918669e1	3.1505565844600775e-13
9.12912912912913e2	-4.8332525270709745e1	3.791771152466064e-13
9.13913913913914e2	-4.8330404578331034e1	-5.757052199693241e-14
9.14914914914915e2	-4.832829308238745e1	-2.9207185507885715e-13
9.15915915915916e2	-4.832618854225046e1	-2.473811396095577e-13
9.16916916916917e2	-4.832409982945321e1	2.2484147379007685e-13
9.17917917917918e2	-4.832198525459327e1	-3.43091431233684e-14
9.18918918918919e2	-4.83198804033802e1	-2.1085133415316456e-13
9.1991991991992e2	-4.831780403816231e1	-4.479064112934869e-13
9.20920920920921e2	-4.831574123121578e1	1.0376017302113374e-13
9.21921921921922e2	-4.8313638690829045e1	3.344863762985216e-13
9.22922922922923e2	-4.831156155937564e1	1.9985907798590415e-15
9.23923923923924e2	-4.830950065911498e1	2.7302970488618903e-13
9.24924924924925e2	-4.830744175800784e1	5.190229138615044e-13
9.25925925925926e2	-4.8305417447290274e1	2.3722161656923495e-13
9.26926926926927e2	-4.830339895516538e1	2.89240489714386e-13
9.27927927927928e2	-4.830138812215611e1	2.2289837947150722e-13
9.28928928928929e2	-4.829938423007717e1	-3.1244634366428276e-13
9.2992992992993e2	-4.829735920884247e1	1.063694366929061e-13
9.30930930930931e2	-4.829534867723395e1	-5.712638282578579e-14
9.31931931931932e2	-4.829336001013216e1	-1.5272563452710912e-13
9.32932932932933e2	-4.829138192564743e1	1.4289922945267096e-13
9.33933933933934e2	-4.828937725649635e1	-1.534473454169426e-13
9.34934934934935e2	-4.828738692339358e1	-2.054106995705125e-15
9.359359359359361e2	-4.828540701028218e1	-1.1436379400840152e-13
9.369369369369371e2	-4.8283436817191934e1	6.789656261753563e-14
9.37937937937938e2	-4.828149319541246e1	3.580808058436586e-14
9.38938938938939e2	-4.827955645485675e1	1.4817328116929535e-13
9.3993993993994e2	-4.827762904862171e1	-3.6379898994659603e-13
9.40940940940941e2	-4.8275721515276295e1	-2.305596206246128e-13
9.41941941941942e2	-4.8273771861279435e1	-5.4350557877885724e-14
9.42942942942943e2	-4.827184327875059e1	1.9863768602382686e-13
9.439439439439441e2	-4.82699377576859e1	1.2213608328375915e-13
9.449449449449451e2	-4.8268031170603635e1	5.301816302934742e-13
9.45945945945946e2	-4.826612135245076e1	4.485725173521692e-13
9.46946946946947e2	-4.826420990480751e1	1.6871434034921082e-13
9.47947947947948e2	-4.82623006017475e1	-3.164434790379736e-14
9.48948948948949e2	-4.826040435487242e1	9.221273943552783e-14
9.4994994994995e2	-4.825854235903986e1	-4.1803848457809524e-13
9.50950950950951e2	-4.825667296554343e1	-3.9738638123470334e-13
9.519519519519521e2	-4.825482543717312e1	4.241452822939755e-13
9.529529529529531e2	-4.825299907960159e1	-1.5755553698124296e-13
9.53953953953954e2	-4.825112300744883e1	-4.668929021404564e-13
9.54954954954955e2	-4.824926747714484e1	-1.924198319924815e-13
9.55955955955956e2	-4.8247432369588374e1	2.361667511287555e-13
9.56956956956957e2	-4.824559729268193e1	6.256697851646917e-14
9.57957957957958e2	-4.8243774188639684e1	2.587064044408777e-14
9.58958958958959e2	-4.824192795353174e1	-4.001621780510829e-13
9.599599599599601e2	-4.8240089029243855e1	-5.812566556633003e-14
9.609609609609611e2	-4.823827725852213e1	-1.336279618199283e-13
9.619619619619621e2	-4.8236465075363164e1	-2.486579296843264e-13
9.62962962962963e2	-4.8234668698732186e1	3.194968464538239e-13
9.63963963963964e2	-4.8232895190475936e1	2.859094262050465e-13
9.64964964964965e2	-4.82311206838638e1	-2.397197851990828e-13
9.65965965965966e2	-4.822933631962905e1	6.017976964804888e-14
9.669669669669671e2	-4.822755823163735e1	2.7463959259803826e-13
9.679679679679681e2	-4.822577288717381e1	-2.267844608679209e-13
9.689689689689691e2	-4.822400428907284e1	2.5443162226969363e-13
9.699699699699701e2	-4.822226035917002e1	-1.166954541478333e-13
9.70970970970971e2	-4.8220472901323745e1	-1.1902714174223754e-13
9.71971971971972e2	-4.8218711717585315e1	2.2500793010857753e-13
9.72972972972973e2	-4.821695395479716e1	1.961394057744087e-13
9.73973973973974e2	-4.821520289741163e1	-1.7643108612468744e-13
9.749749749749751e2	-4.821347743375624e1	3.781221269601466e-13
9.759759759759761e2	-4.82117537218133e1	1.0575872074572867e-13
9.769769769769771e2	-4.821004669156016e1	4.7410995755072416e-14
9.779779779779781e2	-4.820835162897546e1	5.441716361978079e-13
9.789789789789791e2	-4.820660928358884e1	2.6525730055327395e-13
9.7997997997998e2	-4.820489326792024e1	-2.379432361942652e-13
9.80980980980981e2	-4.8203191178658095e1	1.805392904688137e-13
9.81981981981982e2	-4.8201490318376145e1	-3.0034365157912026e-14
9.829829829829831e2	-4.8199799459211306e1	4.004396939936456e-13
9.839839839839841e2	-4.819808322412741e1	4.505709877480402e-13
9.849849849849851e2	-4.8196376974316756e1	1.0165050185543608e-13
9.859859859859861e2	-4.819469696235155e1	5.448378037418591e-13
9.869869869869871e2	-4.819301416248215e1	7.505815221204811e-14
9.87987987987988e2	-4.819128738519384e1	1.1225412925155228e-13
9.88988988988989e2	-4.818961661643291e1	2.2567410110028237e-13
9.8998998998999e2	-4.818795315818745e1	3.6296611645550337e-13
9.909909909909911e2	-4.818615266852562e1	3.7251493182339526e-13
9.919919919919921e2	-4.8184406511060054e1	2.7203027622583316e-15
9.929929929929931e2	-4.818271787684498e1	4.94817517547903e-13
9.939939939939941e2	-4.818107897404827e1	-2.464372204996579e-13
9.949949949949951e2	-4.817947944440672e1	5.884736474325758e-14
9.95995995995996e2	-4.817792981146826e1	-9.615437275238357e-14
9.96996996996997e2	-4.8176227308820586e1	-1.2679941449417104e-13
9.979979979979981e2	-4.8174540807016896e1	-8.960343854798594e-14
9.989989989989991e2	-4.817290401548208e1	9.593230534109213e-14
1.0000000000000001e3	-4.817131602232595e1	-3.4753253918142936e-13