factors	triplet	singlet
9.5e-1	3.34542625752361e1	1.206913105340893e3
9.502004008016032e-1	3.403572458408632e1	1.4672338776886463e3
9.504008016032064e-1	3.461306279595628e1	1.8809914095029067e3
9.506012024048096e-1	3.5186375439256494e1	2.6407858503691045e3
9.508016032064128e-1	3.575575892013352e1	4.493469237337324e3
9.51002004008016e-1	3.632130654332269e1	1.5846260405117411e4
9.512024048096192e-1	3.688311056959799e1	-1.0021331173416818e4
9.514028056112224e-1	3.744126107865086e1	-3.7553162736331974e3
9.516032064128256e-1	3.7995845992696616e1	-2.2906232767420183e3
9.518036072144288e-1	3.854695220611886e1	-1.6372548959333096e3
9.52004008016032e-1	3.909466297149203e1	-1.2672356839065153e3
9.522044088176352e-1	3.963906215564319e1	-1.0290427218386228e3
9.524048096192385e-1	4.0180230142296175e1	-8.628456866010262e2
9.526052104208417e-1	4.0718247545772876e1	-7.402625334049155e2
9.528056112224449e-1	4.125319137811083e1	-6.460968160858424e2
9.53006012024048e-1	4.178513930700427e1	-5.7147731581719e2
9.532064128256512e-1	4.231416530497779e1	-5.10877288159598e2
9.534068136272544e-1	4.2840343126229484e1	-4.6067410988087187e2
9.536072144288577e-1	4.3363748340917006e1	-4.1839428874751974e2
9.538076152304609e-1	4.3884446435853555e1	-3.822912806348698e2
9.540080160320641e-1	4.44025094496992e1	-3.5109671799031946e2
9.542084168336673e-1	4.491800649621152e1	-3.238672538949582e2
9.544088176352705e-1	4.5431004283928864e1	-2.998866896599069e2
9.546092184368737e-1	4.594156791055365e1	-2.786015410566327e2
9.54809619238477e-1	4.644976396747003e1	-2.595772510574174e2
9.550100200400802e-1	4.695565872532946e1	-2.4246791803639354e2
9.552104208416833e-1	4.7459311234125046e1	-2.2699476476667854e2
9.554108216432865e-1	4.79607837717383e1	-2.1293061066609994e2
9.556112224448897e-1	4.8460139517993966e1	-2.0008847629423016e2
9.558116232464929e-1	4.895743740822414e1	-1.883130468498178e2
9.560120240480962e-1	4.9452736567176885e1	-1.7747425340838785e2
9.562124248496994e-1	4.994609538276901e1	-1.6746234062760894e2
9.564128256513026e-1	5.043757105701264e1	-1.5818404634395503e2
9.566132264529058e-1	5.092722028376815e1	-1.4955962309947162e2
9.56813627254509e-1	5.1415098902394014e1	-1.415204684119035e2
9.570140280561121e-1	5.190126399645881e1	-1.3400724577393242e2
9.572144288577153e-1	5.238576476578123e1	-1.2696833890618186e2
9.574148296593186e-1	5.2868657321540375e1	-1.2035878385528714e2
9.576152304609218e-1	5.3349996767408065e1	-1.1413892763535776e2
9.57815631262525e-1	5.3829835669708444e1	-1.0827402779563903e2
9.580160320641282e-1	5.430822201360654e1	-1.0273324857636939e2
9.582164328657314e-1	5.478520903816413e1	-9.748924496122099e1
9.584168336673347e-1	5.526084607944961e1	-9.251767534316602e1
9.586172344689379e-1	5.573518462989048e1	-8.779672840808915e1
9.588176352705411e-1	5.6208272566102295e1	-8.330690810291351e1
9.590180360721443e-1	5.668015926330369e1	-7.903066693336902e1
9.592184368737474e-1	5.7150893937409236e1	-7.495216072753298e1
9.594188376753506e-1	5.762052320828309e1	-7.10571506333827e1
9.596192384769539e-1	5.808909394606055e1	-6.733262324560123e1
9.598196392785571e-1	5.8556655170249094e1	-6.376682147161138e1
9.600200400801603e-1	5.902325255867727e1	-6.034901399060062e1
9.602204408817635e-1	5.948893225178086e1	-5.706944559763737e1
9.604208416833667e-1	5.995373994768434e1	-5.39191652619045e1
9.606212424849699e-1	6.0417721174562814e1	-5.088998090668327e1
9.608216432865732e-1	6.088092870497692e1	-4.7974368943961714e1
9.610220440881763e-1	6.134339191753733e1	-4.516542142269232e1
9.612224448897795e-1	6.1805163183966165e1	-4.2456767805170344e1
9.614228456913827e-1	6.2266286240079445e1	-3.98425315809909e1
9.616232464929859e-1	6.2726805449713005e1	-3.731728223441631e1
9.618236472945891e-1	6.3186764354505236e1	-3.4875992444003934e1
9.620240480961924e-1	6.3646205377771686e1	-3.2514012338586014e1
9.622244488977956e-1	6.410517403868214e1	-3.0226964130280308e1
9.624248496993988e-1	6.456371198906281e1	-2.8010904981527272e1
9.62625250501002e-1	6.502186210539145e1	-2.5862054752235945e1
9.628256513026052e-1	6.547966761677132e1	-2.3776925462246023e1
9.630260521042084e-1	6.593717083978457e1	-2.17522610606848e1
9.632264529058115e-1	6.639440900775986e1	-1.9785018270842688e1
9.634268537074148e-1	6.685143813543193e1	-1.7872352745888083e1
9.63627254509018e-1	6.730828709739686e1	-1.6011613736892166e1
9.638276553106212e-1	6.776500252170793e1	-1.4200271206629601e1
9.640280561122244e-1	6.822162643911726e1	-1.243599382595877e1
9.642284569138276e-1	6.867819673203043e1	-1.0716581536870224e1
9.644288577154309e-1	6.913476223078605e1	-9.039958488341798e0
9.646292585170341e-1	6.959136300734305e1	-7.40417440755083e0
9.648296593186373e-1	7.004803982332649e1	-5.807392645697638e0
9.650300601202404e-1	7.05048388194763e1	-4.247873783608802e0
9.652304609218436e-1	7.096179346827334e1	-2.7239858666737806e0
9.654308617234468e-1	7.14189498383881e1	-1.2341801789356883e0
9.6563126252505e-1	7.187634601383786e1	2.2300626748055835e-1
9.658316633266533e-1	7.233403271455121e1	1.6489577629093497e0
9.660320641282565e-1	7.279204670458157e1	3.0449862668170464e0
9.662324649298597e-1	7.325043085813212e1	4.4123354785460105e0
9.664328657314629e-1	7.37092277695774e1	5.752184440084386e0
9.666332665330661e-1	7.416847947123071e1	7.065657035392392e0
9.668336673346694e-1	7.462822781526384e1	8.353808945265408e0
9.670340681362726e-1	7.508851757188724e1	9.617660418184506e0
9.672344689378757e-1	7.55494558518519e1	1.0858170936813337e1
9.674348697394789e-1	7.601095522510813e1	1.2076264048137023e1
9.676352705410821e-1	7.647312446093778e1	1.3272806277980356e1
9.678356713426853e-1	7.693600715787004e1	1.4448634950562104e1
9.680360721442886e-1	7.739964610940734e1	1.5604544794281793e1
9.682364729458918e-1	7.786408739855231e1	1.6741296342646322e1
9.68436873747495e-1	7.832937445399972e1	1.7859615351372472e1
9.686372745490982e-1	7.879549525633142e1	1.896019611107666e1
9.688376753507014e-1	7.926260696827948e1	2.0043725821127612e1
9.690380761523045e-1	7.973075590897501e1	2.1110794746191658e1
9.692384769539077e-1	8.019982013283753e1	2.2162036517393283e1
9.69438877755511e-1	8.06700101596268e1	2.3198032703160962e1
9.696392785571142e-1	8.11413194835609e1	2.4219342421253923e1
9.698396793587174e-1	8.161385383821914e1	2.5226508430197704e1
9.700400801603206e-1	8.208748497080447e1	2.6220044805032877e1
9.702404809619238e-1	8.256243438999172e1	2.7200448989736568e1
9.70440881763527e-1	8.3038691372984e1	2.8168195752145873e1
9.706412825651303e-1	8.35163581641007e1	2.9123748097891692e1
9.708416833667335e-1	8.399537786520204e1	3.006754484552368e1
9.710420841683367e-1	8.44758527960141e1	3.1000013482470493e1
9.712424849699398e-1	8.495783153426133e1	3.1921564425517065e1
9.71442885771543e-1	8.544136837643433e1	3.283259391129011e1
9.716432865731462e-1	8.592651287132918e1	3.373348430616167e1
9.718436873747495e-1	8.641331683909604e1	3.462460436351194e1
9.720440881763527e-1	8.690177937407121e1	3.550630901753373e1
9.722444889779559e-1	8.739206074768319e1	3.637894724050366e1
9.724448897795591e-1	8.788416126001985e1	3.724285496397918e1
9.726452905811623e-1	8.837818941661591e1	3.809834577492174e1
9.728456913827656e-1	8.887409194325112e1	3.894573734096728e1
9.730460921843687e-1	8.937197599599699e1	3.978533340594496e1
9.732464929859719e-1	8.987190560364499e1	4.061742701375985e1
9.734468937875751e-1	9.037393432926262e1	4.144230391472085e1
9.736472945891783e-1	9.087812004438827e1	4.226024133401868e1
9.738476953907815e-1	9.138452275430159e1	4.3071506161521725e1
9.740480961923847e-1	9.189320323275818e1	4.3876367253341904e1
9.74248496993988e-1	9.240422228977106e1	4.46750697776946e1
9.744488977955912e-1	9.291764199109564e1	4.54678672075534e1
9.746492985971944e-1	9.343352536231538e1	4.6255001978064534e1
9.748496993987976e-1	9.395193660365243e1	4.7036708117092445e1
9.750501002004008e-1	9.447294091350659e1	4.781321850101039e1
9.752505010020039e-1	9.499660066641283e1	4.858475106975077e1
9.754509018036072e-1	9.552299093977358e1	4.9351528228519854e1
9.756513026052104e-1	9.605217628211882e1	5.0113761968401846e1
9.758517034068136e-1	9.658422737598791e1	5.087166638814167e1
9.760521042084168e-1	9.711921409048965e1	5.16254476258373e1
9.7625250501002e-1	9.765720923080235e1	5.237530061256964e1
9.764529058116233e-1	9.819828636942403e1	5.3121424467229936e1
9.766533066132265e-1	9.874252041290745e1	5.386401784714027e1
9.768537074148297e-1	9.928998362193661e1	5.4603257520713015e1
9.770541082164328e-1	9.984076257446407e1	5.533934124670798e1
9.77254509018036e-1	1.0039493217500784e2	5.607245138111404e1
9.774549098196392e-1	1.0095257358785237e2	5.680276735666042e1
9.776553106212424e-1	1.015137690658509e2	5.7530466793870886e1
9.778557114228457e-1	1.0207860304974244e2	5.825572524766355e1
9.780561122244489e-1	1.0264716152048226e2	5.897871583649433e1
9.782565130260521e-1	1.0321953193763528e2	5.96996091710701e1
9.784569138276553e-1	1.0379580394617759e2	6.0418574278042094e1
9.786573146292585e-1	1.0437606902164532e2	6.113577804549641e1
9.788577154308618e-1	1.049604205222639e2	6.185138597337992e1
9.79058116232465e-1	1.0554894810819096e2	6.2565561748921795e1
9.792585170340681e-1	1.0614176069980019e2	6.3278468736037965e1
9.794589178356713e-1	1.067389522333698e2	6.3990264805347685e1
9.796593186372745e-1	1.0734062457380617e2	6.470111354871398e1
9.798597194388777e-1	1.0794688191276377e2	6.541117372507395e1
9.80060120240481e-1	1.0855783068629032e2	6.612061011712365e1
9.802605210420842e-1	1.0917357996199776e2	6.68295666170502e1
9.804609218436874e-1	1.0979424126640794e2	6.753820714619779e1
9.806613226452906e-1	1.1041992874940519e2	6.824668877857911e1
9.808617234468938e-1	1.1105075948512216e2	6.895516901435968e1
9.810621242484969e-1	1.116868527135591e2	6.966380279599775e1
9.812625250501001e-1	1.1232833137928564e2	7.037274752326864e1
9.814629258517034e-1	1.1297532134084679e2	7.108216012401108e1
9.816633266533066e-1	1.1362795061577724e2	7.179219757672904e1
9.818637274549098e-1	1.1428635151064863e2	7.250301608669658e1
9.82064128256513e-1	1.1495065193875956e2	7.321477684782805e1
9.822645290581162e-1	1.1562100523672376e2	7.392763729274469e1
9.824649298597194e-1	1.1629755158790175e2	7.464175755391895e1
9.826653306613227e-1	1.1698042649356053e2	7.53572993859639e1
9.828657314629259e-1	1.1766978498271884e2	7.607442234950557e1
9.830661322645291e-1	1.1836577653830435e2	7.679329008385689e1
9.832665330661322e-1	1.190685677725546e2	7.751407135121407e1
9.834669338677354e-1	1.1977831644459886e2	7.823692849551277e1
9.836673346693386e-1	1.2049519356674959e2	7.896203107493297e1
9.838677354709419e-1	1.2121936129645003e2	7.968954969825188e1
9.840681362725451e-1	1.2195100004024802e2	8.041965647538525e1
9.842685370741483e-1	1.2269028648770019e2	8.115252635859494e1
9.844689378757515e-1	1.234374190681313e2	8.188833443048618e1
9.846693386773547e-1	1.2419257645112496e2	8.262726378082992e1
9.84869739478958e-1	1.24955959642133e2	8.336949540534633e1
9.850701402805611e-1	1.2572777102803049e2	8.411521492575748e1
9.852705410821643e-1	1.2650821584074276e2	8.486461154956979e1
9.854709418837675e-1	1.272975130207866e2	8.561787611029396e1
9.856713426853707e-1	1.280958843666582e2	8.637520497540244e1
9.858717434869739e-1	1.2890354875149373e2	8.713681863907175e1
9.860721442885771e-1	1.297207542163601e2	8.79028760611528e1
9.862725450901804e-1	1.3054773914903578e2	8.867361429482685e1
9.864729458917836e-1	1.3138474598101357e2	8.944923727350512e1
9.866733466933868e-1	1.3223203518399598e2	9.022996451609292e1
9.8687374749499e-1	1.3308987191320793e2	9.101601893444031e1
9.870741482965932e-1	1.3395851265909167e2	9.180762553000534e1
9.872745490981963e-1	1.3483829121466152e2	9.26050207614049e1
9.874749498997996e-1	1.3572943128008305e2	9.34084247148866e1
9.876753507014028e-1	1.366322749992507e2	9.421811675740426e1
9.87875751503006e-1	1.3754716060183802e2	9.503434993836804e1
9.880761523046092e-1	1.384743472926666e2	9.58573443711167e1
9.882765531062124e-1	1.3941419710261133e2	9.668738467047471e1
9.884769539078156e-1	1.4036705141930156e2	9.75247440065918e1
9.886773547094189e-1	1.4133326576845624e2	9.836970306083522e1
9.888777555110221e-1	1.4231320790193536e2	9.922255113987106e1
9.890781563126252e-1	1.433072581280477e2	1.0008358635838161e2
9.892785571142284e-1	1.4431581068081292e2	1.0095311590924399e2
9.894789579158316e-1	1.453392734788161e2	1.0183145543339757e2
9.896793587174348e-1	1.4637806943389518e2	1.0271893476501047e2
9.898797595190381e-1	1.4743263658045447e2	1.0361589043390507e2
9.900801603206413e-1	1.4850342928531813e2	1.0452267203023158e2
9.902805611222445e-1	1.4959091856007822e2	1.0543963960348178e2
9.904809619238477e-1	1.50695593782591e2	1.06367168441577e2
9.906813627254509e-1	1.5181796110068183e2	1.0730564250557379e2
9.908817635270541e-1	1.5295854772010156e2	1.0825546494540474e2
9.910821643286574e-1	1.5411789069042607e2	1.0921704871980279e2
9.912825651302605e-1	1.5529657844783094e2	1.1019082579137182e2
9.914829659318637e-1	1.5649519136629806e2	1.1117724229170487e2
9.916833667334669e-1	1.5771434493450792e2	1.121767619529134e2
9.918837675350701e-1	1.589546766784309e2	1.1318986637751841e2
9.920841683366733e-1	1.6021685281860263e2	1.14217055484501e2
9.922845691382766e-1	1.6150156582997482e2	1.1525885140810036e2
9.924849699398798e-1	1.6280953610222832e2	1.1631579465336641e2
9.92685370741483e-1	1.641415157907075e2	1.173884513232383e2
9.928857715430862e-1	1.6549828823034457e2	1.1847740712575656e2
9.930861723446893e-1	1.6688067069670842e2	1.195832756643281e2
9.932865731462925e-1	1.6828951583878577e2	1.2070669550715115e2
9.934869739478958e-1	1.697257138862731e2	1.2184833444978591e2
9.93687374749499e-1	1.711901944778216e2	1.2300888857793447e2
9.938877755511022e-1	1.7268392914446468e2	1.2418908614454867e2
9.940881763527054e-1	1.7420793369082963e2	1.2538968836583769e2
9.942885771543086e-1	1.7576327070539006e2	1.2661149184482959e2
9.944889779559118e-1	1.7735105203171128e2	1.2785532887501738e2
9.946893787575151e-1	1.7897244196934722e2	1.2912207648443456e2
9.948897795591183e-1	1.8062866055284576e2	1.3041264905119468e2
9.950901803607215e-1	1.8232098667818985e2	1.3172800771179098e2
9.952905811623246e-1	1.8405076167238445e2	1.330691612016914e2
9.954909819639278e-1	1.8581939128205903e2	1.3443716974999234e2
9.95691382765531e-1	1.876283579682631e2	1.35833147037632e2
9.958917835671343e-1	1.894792131723124e2	1.3725826569568687e2
9.960921843687375e-1	1.9137359038226353e2	1.3871377284400722e2
9.962925851703407e-1	1.9331320799427013e2	1.4020094229139633e2
9.964929859719439e-1	1.952998753177484e2	1.4172115863086367e2
9.966933867735471e-1	1.9733549873735052e2	1.4327586917015287e2
9.968937875751503e-1	1.994220879192227e2	1.448666015488478e2
9.970941883767535e-1	2.0156176302973427e2	1.4649496176101337e2
9.972945891783567e-1	2.0375676271598434e2	1.481626776512259e2
9.974949899799599e-1	2.0600945235788018e2	1.4987154840701788e2
9.976953907815631e-1	2.0832233305524673e2	1.5162349124439828e2
9.978957915831663e-1	2.1069805170313342e2	1.534205400278787e2
9.980961923847695e-1	2.131394117309462e2	1.5526485172152016e2
9.982965931863728e-1	2.1564938480618818e2	1.5715872329902942e2
9.98496993987976e-1	2.1823112380483118e2	1.5910459510084377e2
9.986973947895792e-1	2.2088797669741885e2	1.6110506532784348e2
9.988977955911824e-1	2.236234936336892e2	1.6316290583352142e2
9.990981963927856e-1	2.2644147720253858e2	1.652810688543456e2
9.992985971943887e-1	2.29345950537458e2	1.6746271319751892e2
9.99498997995992e-1	2.3234121144580638e2	1.6971121761188323e2
9.996993987975952e-1	2.3543184601777685e2	1.720301946553854e2
9.998997995991984e-1	2.3862275369905717e2	1.7442352664980186e2
1.0001002004008015e0	2.419191738362563e2	1.7689537252933366e2
1.0003006012024047e0	2.4532671633249134e2	1.794502049625223e2
1.000501002004008e0	2.4885139644675263e2	1.8209283811338452e2
1.0007014028056112e0	2.524996639651956e2	1.8482846046755265e2
1.0009018036072144e0	2.5627845945427043e2	1.8766267247322054e2
1.0011022044088176e0	2.6019524545970756e2	1.906015279677171e2
1.0013026052104208e0	2.64258064557017e2	1.936515815890669e2
1.001503006012024e0	2.6847559574329273e2	1.9681994147517523e2
1.0017034068136272e0	2.728572181861397e2	2.00114329577071e2
1.0019038076152305e0	2.774130835426581e2	2.03543148404912e2
1.0021042084168337e0	2.821541973462124e2	2.071155592989718e2
1.002304609218437e0	2.8709251006148645e2	2.1084156791124377e2
1.00250501002004e0	2.9224102160038376e2	2.147321304948748e2
1.0027054108216433e0	2.976138987732766e2	2.1879925881550963e2
1.0029058116232465e0	3.0322661014331777e2	2.230561600081073e2
1.0031062124248498e0	3.090960727926279e2	2.2751738378683638e2
1.003306613226453e0	3.152408413954407e2	2.32199001833847e2
1.0035070140280562e0	3.216812931327624e2	2.3711880815295012e2
1.0037074148296594e0	3.2843986553025974e2	2.422965593104994e2
1.0039078156312626e0	3.355413331483634e2	2.4775425273458015e2
1.0041082164328659e0	3.430130917314578e2	2.5351645191228758e2
1.0043086172344688e0	3.5088555294113297e2	2.5961067428652643e2
1.004509018036072e0	3.5919253914142945e2	2.6606784676653393e2
1.0047094188376753e0	3.679717893890874e2	2.729228542226671e2
1.0049098196392785e0	3.772655431129852e2	2.8021518993359547e2
1.0051102204408817e0	3.8712122780944867e2	2.879897501165647e2
1.005310621242485e0	3.975922918986313e2	2.962977789552136e2
1.0055110220440882e0	4.087391570814213e2	3.0519804214946237e2
1.0057114228456914e0	4.20630445992357e2	3.1475825532539324e2
1.0059118236472946e0	4.333443866398938e2	3.25056858166353e2
1.0061122244488978e0	4.4697056318582503e2	3.361852136576351e2
1.006312625250501e0	4.6161205217455506e2	3.4825043563737324e2
1.0065130260521042e0	4.773880685447104e2	3.613788273768188e2
1.0067134268537075e0	4.9443724547083093e2	3.757204857598869e2
1.0069138276553107e0	5.12921760294572e2	3.914551755024673e2
1.007114228456914e0	5.330325508966121e2	4.0879997457462434e2
1.0073146292585171e0	5.549959924618597e2	4.280194905989579e2
1.0075150300601203e0	5.790825145604899e2	4.494396767540715e2
1.0077154308617235e0	6.056178661232359e2	4.734667644010005e2
1.0079158316633268e0	6.349980277220227e2	5.0061339353800537e2
1.0081162324649298e0	6.677092063177009e2	5.315360810644356e2
1.008316633266533e0	7.043551044220953e2	5.670894295898545e2
1.0085170340681362e0	7.456946761187419e2	6.08406952986062e2
1.0087174348697394e0	7.926954735696461e2	6.570249592184077e2
1.0089178356713426e0	8.466105976564918e2	7.150789327761067e2
1.0091182364729459e0	9.09092432067801e2	7.85627137488096e2
1.009318637274549e0	9.823654321676704e2	8.732095325279735e2
1.0095190380761523e0	1.0694971817008893e3	9.848686953786614e2
1.0097194388777555e0	1.174839626156097e3	1.1321498635156215e3
1.0099198396793587e0	1.3047798706442852e3	1.3353841214177635e3
1.010120240480962e0	1.4690873462206623e3	1.6340092269538954e3
1.0103206412825652e0	1.6834943296114775e3	2.115908871857679e3
1.0105210420841684e0	1.975064496296206e3	3.0247625590663815e3
1.0107214428857716e0	2.394638047033203e3	5.380112760627798e3
1.0109218436873748e0	3.0502680823540663e3	2.611237774903485e4
1.011122244488978e0	4.21930158461738e3	-8.910120082636953e3
1.0113226452905812e0	6.893156894190841e3	-3.761726732611373e3
1.0115230460921845e0	1.9227665734129147e4	-2.366069948209125e3
1.0117234468937877e0	-2.3690188378259812e4	-1.715897667104335e3
1.011923847695391e0	-7.266453820614059e3	-1.339750975783747e3
1.0121242484969941e0	-4.269092574728647e3	-1.0945028335342647e3
1.0123246492985971e0	-3.0110223044378376e3	-9.219216327378346e2
1.0125250501002003e0	-2.3187649098499887e3	-7.938553635583784e2
1.0127254509018035e0	-1.880654218177693e3	-6.950306660376657e2
1.0129258517034068e0	-1.5784218872744207e3	-6.164442878592007e2
1.01312625250501e0	-1.3573239983081019e3	-5.5244503613527e2
1.0133266533066132e0	-1.1885482344623883e3	-4.993064982505268e2
1.0135270541082164e0	-1.055474101016179e3	-4.5447120844260877e2
1.0137274549098196e0	-9.478500335367189e2	-4.1612804111332747e2
1.0139278557114229e0	-8.590057999184702e2	-3.829553459372607e2
1.014128256513026e0	-7.844149988114864e2	-3.539678551454345e2
1.0143286573146293e0	-7.208974524777311e2	-3.2841567287119483e2
1.0145290581162325e0	-6.66153595362351e2	-3.057179535517838e2
1.0147294589178357e0	-6.184795562557077e2	-2.854182167049193e2
1.014929859719439e0	-5.7658569843894e2	-2.6715128744501743e2
1.0151302605210422e0	-5.394780701804239e2	-2.5062312852831565e2
1.0153306613226454e0	-5.063782736990773e2	-2.3559456968092556e2
1.0155310621242486e0	-4.766680187647211e2	-2.218674194726644e2
1.0157314629258518e0	-4.49849970599529e2	-2.0927721491592303e2
1.015931863727455e0	-4.255195667338797e2	-1.9768608470256015e2
1.016132264529058e0	-4.033443213336013e2	-1.8697757393817798e2
1.0163326653306612e0	-3.83048463090334e2	-1.7705265426450092e2
1.0165330661322645e0	-3.6440136174169135e2	-1.6782654802635233e2
1.0167334669338677e0	-3.472086505139896e2	-1.5922628959195384e2
1.016933867735471e0	-3.313053206499296e2	-1.511887526655969e2
1.0171342685370741e0	-3.1655017764959524e2	-1.4365895485564926e2
1.0173346693386773e0	-3.0282264595255543e2	-1.3658892263876095e2
1.0175350701402806e0	-2.9001779019449475e2	-1.2993648900959073e2
1.0177354709418838e0	-2.7804465615028835e2	-1.2366447374577946e2
1.017935871743487e0	-2.668239153655134e2	-1.17740018708734e2
1.0181362725450902e0	-2.562859923302731e2	-1.121339224906122e2
1.0183366733466934e0	-2.4636981338545647e2	-1.068201577718879e2
1.0185370741482966e0	-2.3702069113431455e2	-1.0177545723120345e2
1.0187374749498999e0	-2.2819116105752636e2	-9.697895005977522e1
1.018937875751503e0	-2.1983828271891605e2	-9.241186637612458e1
1.0191382765531063e0	-2.119238396843255e2	-8.80572970310741e1
1.0193386773547095e0	-2.0441360519527282e2	-8.389991653036353e1
1.0195390781563127e0	-1.9727687380546254e2	-7.992586563948005e1
1.019739478957916e0	-1.9048591628389573e2	-7.612253453303123e1
1.0199398797595192e0	-1.840156980289809e2	-7.247844271683208e1
1.0201402805611224e0	-1.778435435413246e2	-6.898311222934083e1
1.0203406813627254e0	-1.7194886680195995e2	-6.56269625354902e1
1.0205410821643286e0	-1.6631292842483705e2	-6.24012121500931e1
1.0207414829659318e0	-1.6091864499640909e2	-5.929780321014305e1
1.020941883767535e0	-1.557504024908941e2	-5.630932334415301e1
1.0211422845691382e0	-1.50793900550787e2	-5.34289398581164e1
1.0213426853707415e0	-1.4603602115034224e2	-5.0650351668902836e1
1.0215430861723447e0	-1.4146470871730767e2	-4.796773370581273e1
1.021743486973948e0	-1.370688570803642e2	-4.537569120962015e1
1.0219438877755511e0	-1.3283823082084e2	-4.286922685888093e1
1.0221442885771543e0	-1.2876337088725634e2	-4.0443698017638155e1
1.0223446893787576e0	-1.2483552768029378e2	-3.809478954318982e1
1.0225450901803608e0	-1.2104659363090951e2	-3.581848320217242e1
1.022745490981964e0	-1.1738904575684859e2	-3.361103505273179e1
1.0229458917835672e0	-1.1385589058347617e2	-3.146893485288049e1
1.0231462925851704e0	-1.104406318075774e2	-2.938896020561567e1
1.0233466933867736e0	-1.0713720743786384e2	-2.7368014680497215e1
1.0235470941883769e0	-1.0393996551998357e2	-2.540323918102376e1
1.02374749498998e0	-1.0084363106685011e2	-2.349197274637449e1
1.0239478957915833e0	-9.784326763710429e1	-2.1631690145717204e1
1.0241482965931863e0	-9.49342592359898e1	-1.9820021670982722e1
1.0243486973947895e0	-9.211227821519613e1	-1.8054746244511932e1
1.0245490981963927e0	-8.937326781727845e1	-1.633376899040362e1
1.024749498997996e0	-8.671341350535016e1	-1.4655127659140636e1
1.0249498997995992e0	-8.412913376129326e1	-1.3016939776826081e1
1.0251503006012024e0	-8.161706359217398e1	-1.1417449176127704e1
1.0253507014028056e0	-7.917402918990291e1	-9.855018976846035e0
1.0255511022044088e0	-7.679703895280818e1	-8.32806917939621e0
1.025751503006012e0	-7.44832729365823e1	-6.835115031913413e0
1.0259519038076153e0	-7.223007005863539e1	-5.374750209741931e0
1.0261523046092185e0	-7.003491258257782e1	-3.9456442389579998e0
1.0263527054108217e0	-6.789542504460009e1	-2.546535614456613e0
1.026553106212425e0	-6.580935323876805e1	-1.176213903295816e0
1.0267535070140281e0	-6.3774567850987744e1	1.6645441325922625e-1
1.0269539078156313e0	-6.17890455584072e1	1.4825617683922379e0
1.0271543086172346e0	-5.985087150687475e1	2.773121520082296e0
1.0273547094188378e0	-5.795822628227245e1	4.039123436671744e0
1.027555110220441e0	-5.610938339992724e1	5.28150230883534e0
1.0277555110220442e0	-5.430277680528589e1	6.501149208596557e0
1.0279559118236472e0	-5.253669327210317e1	7.698913866361925e0
1.0281563126252506e0	-5.080972371039357e1	8.875607551530042e0
1.0283567134268536e0	-4.912045307477869e1	1.0032003977158617e1
1.0285571142284569e0	-4.7467535524893336e1	1.1168843569664473e1
1.02875751503006e0	-4.5849684469407634e1	1.2286835322106612e1
1.0289579158316633e0	-4.4265675831702275e1	1.338665337585286e1
1.0291583166332665e0	-4.271434067083803e1	1.4468949490499554e1
1.0293587174348697e0	-4.119456312577331e1	1.5534358302266599e1
1.029559118236473e0	-3.970527255203178e1	1.6583444533217143e1
1.0297595190380762e0	-3.8245451803706054e1	1.761679413898649e1
1.0299599198396794e0	-3.6814125314372376e1	1.8634941122914668e1
1.0301603206412826e0	-3.541035982780355e1	1.9638438240991327e1
1.0303607214428858e0	-3.4033261815206686e1	2.0627776841999864e1
1.030561122244489e0	-3.268197581414216e1	2.160345671519899e1
1.0307615230460923e0	-3.135567742733368e1	2.2565905957461332e1
1.0309619238476955e0	-3.0053588738067013e1	2.3515607256363808e1
1.0311623246492987e0	-2.877495437905074e1	2.4452982940591728e1
1.031362725450902e0	-2.751904737766089e1	2.5378449189718847e1
1.0315631262525051e0	-2.6285171934521603e1	2.6292405626249195e1
1.0317635270541083e0	-2.5072662375732634e1	2.7195242037660936e1
1.0319639278557116e0	-2.3880884538707193e1	2.8087330250159567e1
1.0321643286573146e0	-2.2709212385527653e1	2.8969029156182646e1
1.0323647294589178e0	-2.1557056880707282e1	2.9840687049816882e1
1.032565130260521e0	-2.0423852404177858e1	3.0702639396108165e1
1.0327655310621242e0	-1.930904853066845e1	3.1555210989266964e1
1.0329659318637274e0	-1.8212118790918375e1	3.2398715453804286e1
1.0331663326653306e0	-1.7132551312655174e1	3.323345690854562e1
1.0333667334669339e0	-1.6069858768976474e1	3.4059728743827066e1
1.033567134268537e0	-1.5023566079485166e1	3.48778160451086e1
1.0337675350701403e0	-1.3993224218442004e1	3.568793037617063e1
1.0339679358717435e0	-1.2978391826117704e1	3.649046820237053e1
1.0341683366733467e0	-1.1978645266887126e1	3.728562425670476e1
1.03436873747495e0	-1.0993578755622657e1	3.8073714708006136e1
1.0345691382765532e0	-1.0022793976314421e1	3.885479405846677e1
1.0347695390781564e0	-9.065913888866943e0	3.96293794339645e1
1.0349699398797596e0	-8.122567171420274e0	4.039736519343602e1
1.0351703406813628e0	-7.192393335448688e0	4.115934072899557e1
1.035370741482966e0	-6.275062539423109e0	4.1915254385931625e1
1.0355711422845693e0	-5.370236152377498e0	4.2665405937924824e1
1.0357715430861725e0	-4.477596086498129e0	4.341000342816991e1
1.0359719438877755e0	-3.596824843384328e0	4.414925275871837e1
1.036172344689379e0	-2.7276250620335327e0	4.488334713986428e1
1.036372745490982e0	-1.869705591952855e0	4.561248045662125e1
1.0365731462925851e0	-1.0227845382332377e0	4.6336825110731716e1
1.0367735470941883e0	-1.8658860454849152e-1	4.7056595388181925e1
1.0369739478957916e0	6.391461698242784e-1	4.777195540436537e1
1.0371743486973948e0	1.454676253415655e0	4.848309480166502e1
1.037374749498998e0	2.2602507349217174e0	4.919015650957691e1
1.0375751503006012e0	3.0561100577356974e0	4.989332330575701e1
1.0377755511022044e0	3.8425122860110146e0	5.059274579983917e1
1.0379759519038076e0	4.6196351208567785e0	5.1288613309427845e1
1.0381763527054109e0	5.387723281880465e0	5.198107078022062e1
1.038376753507014e0	6.1469904020786394e0	5.267027337623456e1
1.0385771543086173e0	6.897631657527776e0	5.335637413886834e1
1.0387775551102205e0	7.639872529501398e0	5.4039523063836214e1
1.0389779559118237e0	8.373909055986376e0	5.4719867985560306e1
1.039178356713427e0	9.09989421818498e0	5.539755478345776e1
1.0393787575150302e0	9.818048966300271e0	5.607272568819082e1
1.0395791583166334e0	1.0528541129699958e1	5.674552206232475e1
1.0397795591182366e0	1.1231544873460672e1	5.74160823441321e1
1.0399799599198398e0	1.1927227962604249e1	5.8084545967570676e1
1.0401803607214428e0	1.2615753435309902e1	5.875104742036475e1
1.040380761523046e0	1.3297298851344255e1	5.941572080431299e1
1.0405811623246493e0	1.397199512154823e1	6.00786983796588e1
1.0407815631262525e0	1.4640013049368047e1	6.074011140121992e1
1.0409819639278557e0	1.530149465439404e1	6.140008983881072e1
1.041182364729459e0	1.5956584586065686e1	6.205876230080263e1
1.0413827655310621e0	1.660542267626897e1	6.271625659191926e1
1.0415831663326653e0	1.7248146009221987e1	6.337269993692443e1
1.0417835671342686e0	1.788488812947563e1	6.402821676045903e1
1.0419839679358718e0	1.8515779058894736e1	6.468293290910556e1
1.042184368737475e0	1.914094538168311e1	6.533697266767854e1
1.0423847695390782e0	1.9760510734427395e1	6.599046008874984e1
1.0425851703406814e0	2.0374595696312547e1	6.664351664049804e1
1.0427855711422847e0	2.098333929374311e1	6.72962413430417e1
1.0429859719438879e0	2.1586813043537564e1	6.7948839553825e1
1.043186372745491e0	2.218513069048137e1	6.860134661315223e1
1.0433867735470943e0	2.277844150965354e1	6.925392913407552e1
1.0435871743486975e0	2.336683186350167e1	6.990666691911258e1
1.0437875751503007e0	2.395042680957952e1	7.05597245948505e1
1.0439879759519037e0	2.4529286441590287e1	7.121318401996906e1
1.0441883767535072e0	2.5103531010603483e1	7.186722154732338e1
1.0443887775551102e0	2.5673257890177503e1	7.252193361034175e1
1.0445891783567134e0	2.6238561391148135e1	7.317744226763612e1
1.0447895791583166e0	2.6799534551713283e1	7.383387468325299e1
1.0449899799599198e0	2.735626807986761e1	7.449135431184688e1
1.045190380761523e0	2.7908850479054266e1	7.515000634234919e1
1.0453907815631263e0	2.8457365873569913e1	7.580999785753639e1
1.0455911823647295e0	2.9001905730414027e1	7.647137487323364e1
1.0457915831663327e0	2.954254781881591e1	7.713427010983166e1
1.045991983967936e0	3.0079374315599388e1	7.779888293506143e1
1.0461923847695391e0	3.061246533531752e1	7.846531297373224e1
1.0463927855711423e0	3.1141898416785175e1	7.913368944376579e1
1.0465931863727456e0	3.16677502527754e1	7.980414868367102e1
1.0467935871743488e0	3.219009435018228e1	8.047681721252258e1
1.046993987975952e0	3.270900436854285e1	8.115188395167075e1
1.0471943887775552e0	3.322455195701374e1	8.182939596748263e1
1.0473947895791584e0	3.3736807298129925e1	8.250953872218629e1
1.0475951903807617e0	3.424583918658115e1	8.31924533428075e1
1.0477955911823649e0	3.475171506781806e1	8.387828394459682e1
1.047995991983968e0	3.525449189882909e1	8.456717799013707e1
1.048196392785571e0	3.5754252849567166e1	8.525928293998201e1
1.0483967935871743e0	3.6251052402671455e1	8.595475365247357e1
1.0485971943887775e0	3.67449528512844e1	8.665374189141083e1
1.0487975951903807e0	3.72360155293691e1	8.735640518406674e1
1.048997995991984e0	3.772430046719358e1	8.80629035304588e1
1.0491983967935872e0	3.820986670371002e1	8.877339995702508e1
1.0493987975951904e0	3.869277244733247e1	8.94880608587466e1
1.0495991983967936e0	3.917307406306857e1	9.020705600874366e1
1.0497995991983968e0	3.965082765277265e1	9.093055890983433e1
1.05e0	4.012609925690319e1	9.165874652970476e1